5.81620093614 13.8154980451 -1
6.49799358092 4.55958148736 -1
5.05559312084 7.07647941179 -1
6.90940611512 12.9876055118 -1
14.4603970286 5.21770813666 -1
16.1293195674 6.65541863221 -1
11.6433615827 15.9081650306 -1
10.9551118105 13.0514330731 -1
10.0357650061 11.5036984062 -1
18.0859130331 8.77290876316 1
19.9354568832 18.3258696305 1
12.7300448988 18.5773267701 1
8.5372932002 6.79947192571 -1
14.328591843 14.3445629573 -1
17.2138120556 18.4608974216 1
13.5323491668 4.21112826138 -1
8.44116125267 9.0103356372 -1
0.300773061862 2.73779670477 1
18.6702892188 8.12684355345 1
1.8639262913 14.6676372747 1
10.8240696367 0.6927970831 1
0.0141183439231 13.3169843397 1
1.80291939322 9.95880937308 1
10.9125738452 8.0372993591 -1
1.12485706166 3.79580221049 1
0.273047278571 9.8083328877 1
15.4188862086 17.2733402785 1
3.84602589084 14.2752330606 1
18.3462463211 10.1776839164 1
19.1587679883 14.6209539819 1
8.49350128194 0.84858370554 1
8.07543562878 11.7657827141 -1
17.9847780433 19.9000043163 1
9.41940967307 1.08209758916 1
1.82156447294 5.40648244117 1
11.7656067385 6.00522551161 -1
1.74311141962 16.9673916572 1
1.05222889494 3.58427506286 1
10.7364211489 18.4674054509 1
2.5022500379 12.7213498549 1
16.0205054581 15.7828522647 1
4.97689095352 2.23931716781 1
11.4602173044 0.565835207931 1
15.6827933097 5.81790912455 1
15.4139171245 18.1986301248 1
4.5252713313 14.6016637736 1
12.6338464339 7.65543664218 -1
7.92631163331 0.390465985243 1
19.3690981246 13.7319867069 1
11.7462530048 8.7305467208 -1
13.650532693 10.5100761269 -1
1.30394231482 6.01136683343 1
17.0138571655 8.66852407636 1
7.4999001486 6.52419199996 -1
7.70769273055 0.965877605826 1
13.9739903778 12.0852706157 -1
0.12939258552 1.73275660024 1
6.49668762775 9.74485992105 -1
2.21543892561 5.02670064536 1
17.928882059 18.1651000176 1
10.9483884595 15.8095467861 -1
19.302316209 18.3436251055 1
19.6972846969 9.99193483329 1
13.6027936837 11.9201498912 -1
10.7244228275 16.3665142605 -1
3.38570096454 11.7420124203 -1
13.1077462923 5.42191872395 -1
16.6082936874 13.1814618505 1
3.42842800581 11.2703248067 -1
9.88555670635 13.2853571584 -1
11.9473393416 3.53452254468 -1
3.18912096669 10.351826706 -1
13.6822319833 18.8856646553 1
2.21171232585 7.32705521755 1
18.9892736835 5.30192688435 1
17.9983361273 12.6559661268 1
19.3366440492 14.8501531902 1
8.37961903233 10.6686220712 -1
10.8475254003 11.1883601677 -1
7.79570078923 13.2069077407 -1
16.8036860776 4.61096408044 1
16.1990967475 2.87623476784 1
15.8067895665 16.9129177705 1
17.6395667593 4.19395955485 1
6.21629926027 13.1622358919 -1
14.8595116914 6.85562574265 -1
8.65645076328 10.3341259756 -1
6.01785905442 1.12925424692 1
19.4638059103 18.925534867 1
10.0098064135 7.91871939635 -1
10.8474920626 13.0298109651 -1
18.026525153 7.77461539258 1
13.4495088201 3.04768578814 1
4.40218091565 8.49342258542 -1
16.8413883343 12.9038462313 1
9.76456818769 13.1623974799 -1
15.9621543004 10.7421269506 -1
7.45244232984 17.166465581 1
15.7302857751 18.1530501207 1
11.8903078631 19.1031579168 1
1.04074876948 3.29967766929 1
8.77301763915 12.1091094821 -1
19.3893702935 19.2232073715 1
11.9321513219 16.0164465983 -1
5.66330310338 1.60374327738 1
0.11246536548 5.97343880391 1
16.8261744844 19.1119404544 1
6.21897566492 4.52606886477 -1
14.3188173044 4.19131954496 1
9.61384835518 19.0905187693 1
7.88245743009 2.5910589709 1
6.46831220047 4.59483294864 -1
2.96121301362 11.2374185483 1
0.836942843364 11.6683601802 1
5.65616509592 12.1646560308 -1
16.7384321525 15.1296288606 1
13.1555938696 8.41274293713 -1
16.4584144522 11.5195484665 -1
12.7247750326 15.7707360877 -1
4.28240932672 5.57874974056 1
15.8570793592 14.1078735574 1
7.96012804526 9.53406511358 -1
4.35653357878 6.51049790635 -1
7.50737486263 6.17562628609 -1
10.9280194995 9.30110772168 -1
14.7427764845 8.07211169322 -1
8.70800052668 19.4998994932 1
9.41282941749 10.9814018397 -1
7.76935331851 6.90846163083 -1
15.0394993634 12.5549763621 -1
1.25353892777 0.0871257965198 1
10.7566645514 1.69154223483 1
12.3948341399 0.659677428994 1
4.18630028019 11.0189030451 -1
14.6884123811 1.48421715072 1
19.8605616104 2.56657508261 1
11.9524594746 3.20182471349 1
7.75371607921 9.74313630447 -1
16.253935275 8.14667588008 -1
17.2688925504 18.0550831419 1
3.67395077303 7.25312367193 -1
8.02852689625 9.94054662077 -1
19.6393686923 17.0948883287 1
13.7833800029 16.0811109714 1
12.9765946435 0.224454975518 1
11.6505317757 0.41021119394 1
2.79790283825 1.80886676921 1
6.41091302225 3.00156784248 1
18.4543642261 17.4637695967 1
12.784238249 14.6934768566 -1
16.4240857619 18.5126180763 1
4.79019226767 7.12886450228 -1
0.98850241683 5.00975074857 1
17.6497300363 10.1509324159 1
15.9236710608 8.26107547999 -1
6.83023400941 6.44057458222 -1
12.7082395591 16.3968297921 -1
2.093786208 11.1718242954 1
0.175758050094 16.1737128268 1
19.6884339926 11.113760779 1
7.63365677523 19.6200363343 1
11.9066739146 3.73513523584 -1
16.9469541902 6.08675063482 1
6.93856425573 10.5251083316 -1
6.68848704438 4.57160214777 -1
11.9067312869 9.08986778741 -1
6.63385575247 14.277597757 -1
10.3727689691 7.4653837389 -1
9.03455419835 1.87342468874 1
17.2540653461 4.6027323479 1
10.8636578264 17.5757704603 1
11.7458736577 16.1764955461 -1
8.41658937028 5.41975487633 -1
2.7078917776 12.644650884 1
8.03292068536 9.30222155116 -1
8.54697322805 11.5967221118 -1
3.64063697594 13.0801308212 1
9.84742394407 5.48781662491 -1
7.78319592992 5.20422078417 -1
1.01995437302 6.47409202021 1
15.6243725634 10.2880542527 -1
9.27962027785 2.8127126084 1
2.93471198724 3.94094157691 1
3.80678177723 8.5447239129 -1
1.28486238959 5.14518345934 1
12.7872493981 6.56345781151 -1
11.0727024618 1.12590514294 1
2.78565038855 15.1620487013 1
13.5233048038 0.298627452274 1
7.69350905026 0.379399163189 1
16.4540462745 8.36684606946 -1
14.5912546418 17.1823008383 1
7.08822668377 10.4200993793 -1
7.68013914964 5.84397898357 -1
16.9511372986 0.126778893968 1
8.45767920093 19.2416739799 1
1.04764643164 14.7306640496 1
3.51203224749 5.44270165603 1
13.3101413499 15.5024539489 -1
2.28626780657 12.7782931445 1
16.5899411049 1.81385307196 1
9.8775690123 6.23937351057 -1
6.35018690492 19.4746057626 1
17.8567003205 6.55363863126 1
8.92168140185 7.28911594691 -1
16.4707682616 12.7537483604 1
4.66705233068 5.51373972723 -1
11.2410638866 7.38599944644 -1
15.9203069034 2.58316881799 1
0.855460175414 6.37955854526 1
8.74441415905 11.6893486912 -1
17.3959477237 13.5188894801 1
16.0031696782 1.98381693116 1
1.55680287032 15.4455697142 1
14.9393904381 15.1907196833 1
6.42230974787 16.7152009733 1
17.8928776741 17.9200969575 1
14.1745899398 7.87991807612 -1
6.91154773491 2.17523823943 1
16.0695823063 1.69683748544 1
6.20462458041 10.3313999448 -1
11.7069726699 10.8721624536 -1
8.69325690847 12.6614676386 -1
9.45983918086 12.9220869332 -1
8.75658393062 7.55619915159 -1
17.4807939399 7.09074431902 1
19.8162782676 16.5444726646 1
15.4183397704 18.3520037201 1
18.3103184339 11.8081528498 1
8.68667750482 16.9166418353 1
8.25474177454 10.6210649446 -1
19.8643653526 19.5993473219 1
14.4440021364 11.6356071414 -1
1.48744152362 4.40995506529 1
6.29652065628 4.58544340015 -1
14.7937750558 9.15745929384 -1
7.44451757746 6.31348951161 -1
19.2396649895 14.1419816148 1
19.529936861 17.988117719 1
12.4170361689 8.00321127263 -1
1.86742917899 14.8628189804 1
18.3672809135 4.77391022458 1
11.7751765847 2.85100550488 1
9.50160468214 9.83121533377 -1
11.7447037234 16.7100481792 -1
3.708458267 5.93532790725 1
2.75467105948 18.6543052474 1
18.8911239674 1.5210135822 1
16.6073878892 9.18674893026 -1
0.865910084072 19.6871396006 1
14.5788436697 1.63574035978 1
11.1574743155 16.2554398658 -1
14.2929420518 6.53091636084 -1
9.89534507025 16.5811116016 -1
15.8310582053 12.9952277226 -1
5.66863475988 19.4925389652 1
12.1796411247 0.0890547097212 1
4.61364884771 6.64637351164 -1
9.52747615527 10.4079319553 -1
8.8645455891 1.58059568012 1
7.8979713267 3.50853257482 -1
7.45644895897 5.61285534967 -1
3.51240843207 14.406611906 1
15.3896012234 12.5130242079 -1
7.30552723891 11.1823462623 -1
17.0700025244 14.1182203688 1
1.03004326133 18.8452592679 1
4.82373070384 19.596606245 1
7.59514687716 8.25946525963 -1
0.129642186526 5.13769417744 1
14.6019235203 10.6136564841 -1
19.0159742736 17.9367749508 1
12.0395821209 5.14291932789 -1
15.6333443457 14.7325592573 1
18.5000488321 17.1890621554 1
0.427604613799 16.6950972433 1
17.908218516 5.1788914762 1
19.5004194678 9.31758416386 1
5.58111894586 1.04435777193 1
18.2992259364 15.5721258766 1
18.3646835569 16.0343285434 1
4.43994260849 6.05551351896 -1
7.54502399172 5.64270761026 -1
13.8878312497 15.2611670283 -1
14.4663403317 3.75636762916 1
8.74924200821 11.288358202 -1
9.57090203086 10.1605202199 -1
18.6330126201 0.573257039606 1
6.06976979688 7.63542016608 -1
17.0623460386 12.8721322962 1
19.7839978182 17.3059424766 1
17.8345320504 5.52204261746 1
7.98440085795 9.9441944604 -1
6.44808750764 7.82534311189 -1
10.4913119168 10.0839508151 -1
10.4600276551 6.17716606205 -1
12.370758373 13.2684003095 -1
6.04259730732 9.46717009947 -1
14.7481233883 11.9569923255 -1
4.53804805514 3.2113387361 1
15.3898879003 13.7186407565 -1
8.83115241713 2.67643162727 1
10.7698968063 13.3322028824 -1
5.28648422423 5.27233904707 -1
9.56114335563 3.78536332363 -1
1.03381395226 14.3529576574 1
17.0047971523 11.8925316205 1
10.90560888 16.695075158 -1
4.22124629477 2.55709397607 1
5.68445002156 8.3264199985 -1
18.2262612463 18.2817288237 1
12.1521526389 19.5100659257 1
12.9844097702 3.60566516545 1
5.37626473879 17.8178839973 1
8.84312414366 11.5721386269 -1
0.252781674378 18.5464042089 1
8.73491059114 6.46151707979 -1
18.502001364 13.3132366538 1
12.8407102776 11.1231522582 -1
2.9420446331 18.5250357744 1
18.3346829381 7.45780089362 1
2.52994659552 15.6334759467 1
7.02667600565 19.7298925027 1
11.542482362 19.9680699276 1
16.4232731417 3.25968141324 1
16.7609965352 7.17758677449 1
2.63983586766 14.1878645712 1
7.53211201713 15.8811465438 -1
5.76966429151 7.0138196856 -1
1.22640068146 18.3311602123 1
19.5831515847 18.2880234648 1
1.97785237107 4.88810712867 1
3.06718757216 17.8056627406 1
12.660452641 0.356571107942 1
17.3795819169 8.39013555396 1
11.7819979361 11.0749263728 -1
4.90019442809 18.0692396097 1
6.5427745911 4.63193337953 -1
9.55099176029 7.56029613772 -1
6.55401660914 9.05323523102 -1
18.9259731566 9.61485763739 1
11.4491247156 5.77530209554 -1
3.41490252677 5.83091714466 1
13.4316638561 13.6303682088 -1
16.6116641716 5.1413094422 1
10.9456950032 16.2242118449 -1
17.241577067 1.7408493357 1
1.2925679962 15.7631629548 1
9.56860831782 19.0472750443 1
12.3798998818 4.72938283263 -1
11.2463637765 8.76699578912 -1
3.54526409385 13.6000969126 1
14.7375931895 1.08734965831 1
0.00888497154292 14.2879330157 1
18.5824973455 2.71637205899 1
8.41335845914 4.05138937538 -1
19.0946564723 0.288501400548 1
11.8872054548 11.711091763 -1
6.57730314921 9.39790699929 -1
1.51463456552 0.358010278292 1
9.60515447081 16.5183099018 -1
4.82958032225 9.50971108002 -1
13.8462094179 19.239324732 1
7.13462424174 18.9177691626 1
12.3262064284 0.845674012577 1
18.4204209162 13.9181513063 1
10.6284380322 5.60948004322 -1
14.0976584879 1.32619298952 1
15.6581017597 14.6890514839 1
0.176141639824 4.62241007533 1
12.3602189095 2.01012872835 1
12.5397242967 9.81348835373 -1
3.68330345275 16.8944772066 1
9.65546325007 18.238661321 1
14.7526770491 17.5152805617 1
14.4922381734 11.1215199211 -1
3.110989379 11.6238814244 1
3.97723260576 14.7434793866 1
10.2892033604 7.9319026846 -1
3.73838348074 19.1149962631 1
1.40530942638 5.45503414937 1
18.2719053379 19.2939508645 1
14.9342424641 4.74671289087 1
4.27185602008 17.9822953379 1
10.1504919335 4.68367861444 -1
13.6943052215 8.04677282721 -1
15.9006887574 12.8022599959 -1
18.5868576053 11.2898858974 1
10.7765671801 18.1087587381 1
0.350399932599 5.65531415653 1
5.69075333216 2.73383617177 1
4.0295628079 16.1757665359 1
5.05758856658 17.4659467163 1
15.284354982 6.63306742828 -1
11.5461075731 8.24702392734 -1
4.20914085087 11.6390413203 -1
18.6354644134 5.6552051694 1
14.9137689159 3.96665263776 1
18.5855260458 1.86542059915 1
11.172465452 1.46821178062 1
0.0373138672757 6.40580065913 1
6.66195149814 4.85013251694 -1
11.6639120699 7.22614001941 -1
10.8502401746 5.38636482897 -1
15.4700469458 16.1746722834 1
1.65723045417 15.6679859442 1
18.6207870265 16.9846412626 1
7.95768572499 8.02785385299 -1
15.7721403129 14.6343050644 1
9.29178636694 15.4787002582 -1
8.51009794023 7.31292381501 -1
17.5310464523 0.890984310789 1
2.0191457513 15.2984596541 1
15.751889003 0.986244451026 1
4.14761126147 7.03893543756 -1
9.56797666553 10.9946956664 -1
17.3580555582 16.3488360095 1
7.26715503636 10.4489276504 -1
3.69106962901 4.50776047827 1
0.559968881995 12.2851374788 1
11.7955728362 7.58504020257 -1
7.17558044059 18.7876137207 1
13.7490508571 5.8702977083 -1
1.92559087224 6.32901806801 1
14.5234402873 16.7185849862 1
16.661187514 8.25270909115 -1
16.8759575139 11.5037570059 1
13.1232819428 3.43557023395 1
6.89408969234 13.4401257105 -1
8.47852456007 18.6417724307 1
13.605586049 7.75971023528 -1
1.69743867156 19.5910552803 1
19.1236839447 13.7123027563 1
18.715476086 16.8084019469 1
16.7391101001 7.18122528701 1
18.3574997375 11.3186899108 1
19.6439620953 3.88794337302 1
10.0548303672 12.0577333842 -1
14.1964564223 9.11977904376 -1
16.2369648263 5.7761679622 1
12.2404125938 19.6357815915 1
1.07922137074 8.69832425593 1
15.4098697528 9.78336616695 -1
2.47467231645 3.65551084023 1
13.3654919705 8.52561694672 -1
7.90220373063 7.74192417577 -1
3.17884406211 11.1557080153 -1
5.55067269534 1.18987511791 1
5.09243150105 19.5553692049 1
4.85119570219 16.1782815662 1
2.09309541162 4.18945303049 1
0.608679103747 16.4197225296 1
8.21230052726 7.51504498498 -1
19.5344780048 7.40616098455 1
18.9471378608 5.2038891757 1
4.38566153335 12.0343653674 -1
8.02528147077 7.54465343615 -1
11.8589701142 5.11585498118 -1
16.8095907427 8.16289835234 1
2.16741640138 7.218874001 1
15.9078472794 7.08349434094 -1
0.248699341432 5.53127320911 1
7.34730750782 6.44218409776 -1
15.1657834934 19.0770881289 1
5.89295033897 13.3585631631 -1
0.778283669286 1.96583874871 1
1.20732934816 10.574539369 1
16.9115970398 10.5434227088 -1
16.751932324 14.4401381019 1
13.9634163143 2.21207941902 1
13.3988065265 17.0302371041 1
16.7421753478 19.6468474565 1
13.7502348633 6.53450038888 -1
1.96842617045 10.1972170775 1
9.95707377133 6.44921757985 -1
16.6700623859 8.81762430897 -1
12.1995982613 9.91800986013 -1
1.89549727564 16.7558051718 1
2.72985195089 14.0315366068 1
12.4991905396 9.75414920451 -1
2.96931765927 12.0055921617 1
19.0253497972 15.8013595724 1
0.964785565206 14.0245041611 1
19.3728806535 19.3313482758 1
6.40107993617 18.8828012335 1
0.231549858135 8.76265034613 1
19.5807360925 17.3748224784 1
1.18981384535 0.85307512216 1
14.7611084922 9.39142581514 -1
17.5404042554 18.57181166 1
13.2769533203 15.2487881306 -1
19.8515043481 9.38725419322 1
6.96921859826 18.8940687082 1
2.76857686296 19.0246084492 1
16.5837336666 19.3308943406 1
11.1578079395 0.309737871191 1
11.6379687657 7.32529931887 -1
4.24159194239 10.3141537876 -1
13.8223552574 19.3188311498 1
9.4473183255 0.972477629993 1
8.9322416924 17.7382401173 1
11.6827894688 5.68350274667 -1
7.78187555859 8.92710923049 -1
16.5111550506 18.1915922931 1
0.262412951502 8.52191894014 1
6.31531000772 4.91689393806 -1
18.3086998617 10.2633209782 1
0.486285865361 14.9022534632 1
18.6117340162 16.3760923625 1
2.58470404613 6.38998231095 1
9.66840881113 19.1375069828 1
0.575041302992 17.6822570401 1
19.4584913157 0.410839627546 1
5.45970868024 6.59168051837 -1
19.0153124429 17.7608258533 1
9.70393107744 14.6781918982 -1
12.5437446946 14.1764286766 -1
10.0817494378 4.01867415959 -1
3.82714515919 7.14028092292 -1
16.8769180925 13.5925822238 1
11.8110422913 18.7752752981 1
16.2366925178 7.79347171508 -1
3.92638739481 17.6311888213 1
14.0103787534 18.5875759627 1
12.2919432273 4.83223338984 -1
8.73063390622 0.477846826103 1
3.33149432534 2.61783404367 1
12.5505155638 2.1150860182 1
3.01383996467 1.55960509543 1
6.10386428876 6.49953603072 -1
18.6131022548 11.6379817599 1
12.9950215308 1.00124880012 1
7.94432312159 1.80104131615 1
16.3193102487 2.76728815357 1
18.8087642781 19.7757955004 1
10.0910384908 0.841187118704 1
16.2812441837 19.4271014261 1
1.06935379036 7.78417254954 1
10.5160063816 2.0301021329 1
2.58166928607 9.59628173468 1
16.5234331121 10.2956148274 -1
13.7368975729 17.9949718149 1
7.07250080898 12.6600374505 -1
0.273354124591 1.03475504558 1
9.05218198006 0.192789159766 1
6.6221316591 19.035232098 1
2.22632952636 0.616448313702 1
17.1217394534 0.671552824089 1
11.9834513603 2.84982170688 1
9.37414994153 0.792322850834 1
7.96746629986 5.6254601667 -1
12.9198237727 2.37518465578 1
9.58775634869 5.72389107458 -1
3.30719825488 8.06554370962 -1
5.42965354514 11.4156787395 -1
9.97270668568 6.2769176257 -1
7.94332141112 13.4820878907 -1
1.88739346856 8.69506931521 1
18.0864057491 4.17936331918 1
3.48860512064 8.45267388737 -1
10.7689003466 1.25043959308 1
16.6503075443 15.0343189039 1
15.1810117563 8.27678602575 -1
14.4619303389 2.31420851959 1
11.4724545474 4.67113361576 -1
8.92644124833 10.5601343194 -1
12.3702471834 8.09115595179 -1
12.9829296113 8.87696192118 -1
10.1264404313 13.6592981905 -1
3.24392522297 3.97827628819 1
15.2628420697 5.59258904792 -1
13.7130846779 16.2555427079 1
4.62151760694 11.0533380586 -1
14.107192444 14.3222318588 -1
3.77162584183 0.248826234227 1
18.373844009 7.26604145186 1
1.70728295822 2.48226486761 1
11.4632799976 6.21506428439 -1
17.484240067 1.07437978982 1
17.2638012443 11.7250572585 1
14.8239962985 7.91204057313 -1
16.1354678663 18.2458786844 1
16.1187208817 18.4050606701 1
3.45124392517 1.78573987978 1
2.79574561112 17.1467629945 1
19.4967647962 8.82616269085 1
13.8204796195 9.10285847033 -1
7.24533445614 11.5022617404 -1
6.47682504896 4.47476242709 -1
1.09134743916 0.194865957359 1
1.64301322102 1.07074059654 1
5.48583563709 10.2853601553 -1
9.12069456792 19.82688558 1
11.4675011987 16.3850772459 -1
1.54277729774 2.26930778911 1
9.55108073627 12.8215960294 -1
6.58810822857 12.5108928069 -1
2.78952032877 0.864253581205 1
15.6739170768 2.01862202993 1
3.68033623335 0.647215706599 1
3.44356263284 5.26641198713 1
12.3879124148 14.1369347753 -1
14.7140963144 16.9157165527 1
5.79889858687 4.48396392997 -1
7.43447014359 16.2365719191 -1
15.7476998759 12.2829408229 -1
15.4861634034 10.3501862422 -1
0.381534400001 1.65101613874 1
12.8766066814 9.45123678046 -1
2.63801172374 8.88153620751 1
18.6649701719 4.56415268999 1
17.9955667839 17.206862748 1
16.6498284715 8.58104034542 -1
12.200445921 7.43228153895 -1
9.8754660888 9.33995497723 -1
9.27970095813 11.8362967102 -1
5.76422555949 14.0803283769 -1
6.95769272333 13.0723984962 -1
10.3625343268 6.37247072511 -1
5.64620569048 14.5841746726 -1
4.8983465931 17.3375475878 1
4.06894331181 3.1278670207 1
19.1039574852 0.0548772813288 1
16.5894999723 3.15017189951 1
14.0453633391 9.13617894025 -1
0.248464273149 7.02374263309 1
8.26676006544 19.8104585335 1
9.29052847201 6.92571605855 -1
6.99412419795 1.60966839575 1
4.90773978465 10.6361729524 -1
4.80719676007 6.27794378357 -1
13.6780480296 2.40770624965 1
19.7211677783 11.8283162321 1
16.052038144 14.0643972856 1
16.6355056281 0.99246743914 1
0.604856267581 7.34065371255 1
18.815584806 3.11218782915 1
2.27618730984 7.90803528965 1
13.149131892 1.89073743843 1
2.81772384738 1.85528811351 1
2.94173023278 0.974918964924 1
16.2325695916 7.62927269012 -1
2.82249816447 3.62705887804 1
16.9796233558 10.7665587011 1
8.52275276799 11.98233344 -1
16.4863030187 10.2974849049 -1
0.454959732437 5.80961733044 1
10.8087101121 13.7051988185 -1
6.94859350006 14.6559290232 -1
0.453452201329 16.8437387066 1
13.9767028037 16.398450224 1
2.96738614582 2.69984075904 1
11.7576441537 19.9194183363 1
11.0209221731 4.20217493746 -1
14.6535820224 17.5446074256 1
11.5063050762 5.62735006724 -1
15.5277151124 2.74110614643 1
14.4982515498 3.52033787363 1
11.8045101119 18.2503006868 1
7.71917284132 2.83698021109 1
18.4124204017 0.163774064782 1
0.466548272434 14.6328902232 1
9.89011612237 6.32320852242 -1
3.60851591685 7.562671367 -1
9.35060991927 18.2642133718 1
11.2712234914 14.4547408917 -1
19.0764579283 19.2570677588 1
5.85595879701 10.771048753 -1
19.9924167264 2.35815102822 1
6.32592163811 6.381324153 -1
10.6227284591 14.9322247663 -1
19.5610731929 16.0276062106 1
8.22461096435 15.3748135114 -1
15.1750225966 7.23882783559 -1
9.03989048102 13.0910017578 -1
18.181085182 0.97996225768 1
15.9265105078 3.04593410741 1
6.27641514943 1.30562953329 1
1.98701554644 10.9310205002 1
19.3824060582 2.77729499255 1
10.7112006834 17.7184057652 1
6.353736972 12.0162120386 -1
13.3675782089 15.3255663474 -1
10.7642617366 4.79214310945 -1
18.3417536786 6.52493488625 1
17.8624516461 13.7534524973 1
5.99704783597 19.7143328603 1
19.4749892223 18.6369978336 1
18.4149879227 11.2612487045 1
17.6965123165 3.43032867207 1
12.0189981071 12.8732611118 -1
18.087761597 10.2785426971 1
18.5107193356 8.35377283581 1
14.5000998866 19.2336704236 1
16.844130511 19.4721810787 1
7.5794118189 18.7291241607 1
11.0864970185 1.33126026983 1
9.8332760124 11.4562787937 -1
7.91549125035 16.6515251827 -1
15.6222799271 12.0371506686 -1
12.0844035351 16.6723270316 -1
10.4951564243 1.89998238514 1
10.0438905177 15.3310714316 -1
4.70050921483 4.20341356781 1
11.1010364549 2.59294448086 1
7.52942955982 15.902875959 -1
1.09005638134 16.5318670769 1
18.9119487132 2.77458081323 1
6.31666956382 3.80940144842 1
9.49794127842 15.7098663193 -1
11.2458138429 17.6659825574 1
11.1766134845 16.0102360541 -1
3.97557630161 10.8359295902 -1
18.9863598176 12.6677545744 1
10.1790446526 10.5413632497 -1
18.6862865339 0.672466788562 1
0.0085611519914 10.0901762165 1
14.9133552227 19.7931130483 1
16.8463621406 17.7422828201 1
1.04658862404 1.80645984005 1
1.70127440254 1.02620080682 1
0.0528656073149 9.65594448887 1
8.55147250392 17.207069448 1
15.4403980699 18.9530336294 1
1.83532638918 19.2951932704 1
0.886044835171 18.5505798668 1
10.4305830117 8.49365991053 -1
4.09760130793 17.6074200377 1
5.49228575539 12.3593344678 -1
8.46323972343 6.2290983628 -1
14.1042051052 8.13823072522 -1
12.6644398468 0.878514897275 1
1.51776744477 6.49256333949 1
2.95183978906 15.1554580747 1
9.89316135042 7.17154256376 -1
8.08376179504 1.15438453623 1
17.2673723054 18.9217232088 1
9.71805928656 3.37424197276 -1
7.682726951 12.3778594984 -1
12.9241673326 8.83831646386 -1
4.97343998807 18.8165404612 1
19.0159047357 18.2807481793 1
7.28135652421 6.32865848354 -1
1.4776748517 9.92978988695 1
9.83169867584 17.2199613885 1
17.1261203291 14.7086249629 1
1.69235213691 1.92745068811 1
5.20922073859 16.2887220701 1
5.75334382972 1.6576394093 1
8.32572022556 14.7615098855 -1
12.6691466978 0.592894491126 1
6.87717260881 1.37241481466 1
17.9583008913 14.6706262411 1
5.33466005802 12.8561563309 -1
19.8681556582 2.23833065378 1
15.5920223267 1.65965779373 1
4.03766423164 19.0618635935 1
14.4805686324 3.94259713783 1
5.10997519912 6.95876671984 -1
18.9584241004 1.30728361015 1
4.41749209558 19.3853611974 1
15.9570466265 5.22530707344 1
2.75879109486 9.579521639 1
6.83485551036 4.42753839546 -1
9.39570563207 12.3811646513 -1
9.95778207995 6.45841117083 -1
0.599595661965 18.7688956359 1
13.8972083574 1.81157968508 1
8.33651942872 19.7161172014 1
9.75769960582 9.02686623492 -1
12.0209898528 1.42775308703 1
11.8728382343 10.4481365549 -1
2.0673024171 17.8659040168 1
17.1623151138 16.7149196255 1
10.5047237566 8.60597922233 -1
5.71113936093 19.4690045139 1
2.39524134991 16.3505598603 1
14.4422402023 6.43312363322 -1
17.2992208079 2.49574858872 1
6.18378714369 18.8387668662 1
2.83553154507 11.1160818708 1
3.13975414801 18.3936809731 1
12.2383049814 6.50983682635 -1
13.0031635217 11.1706323815 -1
15.9992094357 4.7394728504 1
15.6981737898 3.20813049385 1
17.9018641527 11.0689033308 1
7.87354517182 19.3961181633 1
15.5092858106 0.472400320839 1
8.78666525339 14.2751266386 -1
17.550557161 19.795984193 1
4.16461893264 6.89290213478 -1
7.87691861306 7.18984051747 -1
6.56327471853 17.2936195291 1
5.4364085674 14.105631029 -1
8.00024509596 10.630150738 -1
15.9874286763 16.323771054 1
1.95410724193 13.3589468226 1
16.2096796044 11.4695243175 -1
14.3200272185 10.197222901 -1
17.988144132 8.93044341538 1
12.4502208864 11.7835505992 -1
17.5531330735 8.86278485987 1
1.07211881825 19.7036592461 1
5.00670934573 4.64234114579 1
16.0902012978 13.6445646624 1
11.5362014635 18.4230418217 1
4.45561450353 7.46474158046 -1
3.27047981495 2.32440883713 1
16.1412083462 10.0908457377 -1
13.4997877438 17.4807699164 1
15.9350954887 3.7811057697 1
3.64715051973 6.996686256 1
13.5208128062 1.04346985061 1
18.7227485681 1.76668626232 1
7.87956400134 8.3674207026 -1
9.87040847778 1.07749746097 1
4.25310046928 11.3639865129 -1
6.22267158241 7.62092526217 -1
10.1285267782 12.2991742315 -1
1.05940706968 19.560244588 1
13.0124535553 8.29078052538 -1
15.6645696722 4.35900751795 1
16.0364087016 17.6238877615 1
4.10691468716 9.19852803912 -1
3.47163537472 16.5873169433 1
5.75309086402 12.08066189 -1
12.0751913015 6.90797409633 -1
0.842136309828 9.66024951488 1
9.42863531548 4.52648761203 -1
13.6615676376 18.1037368788 1
3.45493151201 9.23669684834 -1
11.6455935903 7.40728615128 -1
4.10714815853 11.5561298049 -1
16.4503848225 12.4321710103 -1
15.3764827265 7.41399467294 -1
4.52997855343 13.6234090177 -1
4.88097859411 5.35432866875 -1
16.1375409132 6.8579298304 -1
8.44310506438 11.114345427 -1
15.63632541 8.64396829835 -1
12.4375383996 6.27845653371 -1
11.8189407717 15.5445752737 -1
12.6499312729 7.63107158139 -1
15.1472249928 8.39917382042 -1
4.19227091932 12.0596331867 -1
13.0384354165 14.235611928 -1
9.99987646201 9.17015893641 -1
14.4071097666 5.12690008696 -1
4.5292527638 11.9929898141 -1
8.47264359935 16.5730926566 -1
12.3558884602 9.67609453981 -1
10.700587243 6.40812273777 -1
9.57100207753 12.3548939472 -1
8.29815816215 9.65354455896 -1
16.1367969554 12.8831339595 -1
15.4532412416 8.65960999608 -1
11.5701824622 12.3504011912 -1
12.2801630006 4.6644509 -1
13.2626600511 4.43364911187 -1
6.92336499234 5.41240431902 -1
11.3386481582 15.4462517775 -1
13.0409594809 10.7115829757 -1
12.312536783 6.33036875259 -1
10.0473599315 5.67822775068 -1
8.24061028354 4.21037573453 -1
10.8792237086 11.9055404128 -1
8.62784473186 9.11513339307 -1
7.66447582471 15.6900745014 -1
4.41666515529 11.407747466 -1
7.08464334663 11.7863839956 -1
9.77940156583 12.1613856132 -1
13.3642118758 8.7465755107 -1
6.90965662426 7.02601514354 -1
9.44568825438 7.41783117361 -1
9.40340081366 14.6597764515 -1
11.7729493552 3.49774248322 -1
11.020567906 7.58669495334 -1
5.9674020135 9.4949081072 -1
10.5163198218 10.4867584749 -1
10.2589725117 14.5595344827 -1
8.8653713433 7.74473836599 -1
9.3591123166 16.9277655669 -1
6.14683210755 10.8172320465 -1
6.83133504817 12.2149530313 -1
11.1863116731 14.5084163928 -1
11.799707113 14.3211376217 -1
6.3529092245 12.8218308585 -1
6.50844804497 15.4096118635 -1
4.22449300508 10.2546660054 -1
5.70348321493 13.4434853974 -1
3.05749029999 10.1885543769 -1
6.10109945507 11.3733178898 -1
9.95105012701 13.1777814606 -1
3.48182633294 9.20672556086 -1
13.844328786 5.07710982941 -1
6.55514334841 11.7322883068 -1
11.3713950528 14.8370287804 -1
4.31155286229 6.29454551618 -1
4.79079852547 6.8695697458 -1
11.9560059152 16.2887301301 -1
8.98627482805 13.820641168 -1
9.39981865369 16.4191525471 -1
7.1053957702 7.27342942707 -1
6.60408965707 13.0562100504 -1
12.6512381985 6.68866735773 -1
13.0753468415 16.1180505059 -1
14.5274258579 11.7990340275 -1
12.8527155006 14.7930655692 -1
14.9288596071 6.52552794956 -1
8.27155020213 12.9631921105 -1
7.29082677436 6.58281858682 -1
6.71354916475 13.1097013728 -1
12.1179190768 5.7901391535 -1
10.5031952181 7.76434152544 -1
11.9846612081 16.655302226 -1
10.3479070034 16.3929224744 -1
7.48316622003 14.6842336993 -1
5.76241716039 12.6605514477 -1
13.2392580303 13.3717716525 -1
3.18386393567 10.789370427 -1
9.50196463992 7.22066092172 -1
13.4438942535 6.28569059653 -1
10.4464378095 7.17600468093 -1
11.2759466788 9.1923445048 -1
10.3475870065 12.0050223729 -1
12.5658033435 14.6348971804 -1
8.87906024882 15.119417256 -1
8.45876557992 7.18261265492 -1
9.9269185024 3.9127716316 -1
6.79509765825 6.60012439822 -1
3.84939440482 11.9118907327 -1
4.33925426319 11.834651887 -1
15.293750096 9.11173253373 -1
12.2064796781 4.54878407527 -1
5.34238064174 5.77811683253 -1
10.7897231211 13.8102183263 -1
12.3646440347 9.58652011455 -1
9.72025872021 13.3111260434 -1
3.98207657715 11.5198495482 -1
4.99908049246 13.7257134859 -1
16.3687488383 8.68792334994 -1
6.45488991493 4.83003056157 -1
9.09826555685 12.2680385545 -1
13.7895179801 5.4818978772 -1
15.9658180527 8.86624653705 -1
3.92576983759 12.1810410385 -1
15.548735909 6.68329230308 -1
4.30856952 8.72951898177 -1
13.0442444909 10.3378942364 -1
13.281129332 15.9327939376 -1
14.4057732045 13.2069601341 -1
8.4401273237 10.444422027 -1
13.8012712166 9.37144329668 -1
13.8788631077 5.79611952106 -1
14.8115520772 9.09322450099 -1
4.83126754707 13.9797266849 -1
4.24042931269 8.22057934215 -1
4.73127390736 7.80623149 -1
14.7301829121 5.10621484353 -1
3.88518635081 13.3436139098 -1
13.1398913057 12.9755542959 -1
13.2439177677 5.06281696045 -1
7.3023428725 6.30365461823 -1
5.95004057169 8.24514034857 -1
3.50292848516 9.17410940288 -1
7.75030187976 10.073300498 -1
5.1166291903 13.201733295 -1
13.8641164889 10.6992017016 -1
9.42443077268 5.7638733338 -1
11.5336119981 16.3264426831 -1
6.13743299247 6.8395568348 -1
9.63663282356 16.362964795 -1
9.18393337454 16.6159956983 -1
4.55582305349 5.78185973566 -1
8.86873986262 16.3412946612 -1
5.77350246946 9.13405650867 -1
7.73316167207 13.3212491773 -1
6.39248791529 6.13630251792 -1
3.16524836032 9.27450695018 -1
15.6925404182 12.7710421011 -1
13.7830100813 8.71596167335 -1
4.33371691752 7.78558181042 -1
4.76552056912 13.4378536595 -1
5.71371459043 12.9878097083 -1
15.7463636861 10.468876958 -1
11.2733597692 8.21821259343 -1
12.1404960386 13.5647119302 -1
4.91614239273 13.2085571426 -1
12.0486373688 6.47197693378 -1
10.2160976993 9.81176660746 -1
7.17572482904 6.45938288247 -1
3.17690822706 10.8928227462 -1
6.50247567372 11.9797748907 -1
15.1607646625 9.34247616391 -1
11.0910550111 14.3525660592 -1
10.8915893154 11.2286362487 -1
5.29836078748 6.47657591831 -1
4.67692589025 10.5687333069 -1
7.38654659221 15.7396349723 -1