5.51347136265 16.7381627602 1
7.95566062105 15.6077749554 -1
19.6539033175 10.5908834175 1
12.6485028853 18.7204334627 1
12.6010644134 15.9145778574 -1
16.1462741991 5.01143360594 1
8.39301664362 0.659159252999 1
12.4235609648 13.2754134109 -1
8.09214305595 18.6719395872 1
7.05334766764 11.6546413658 -1
3.76211905213 16.437278139 1
2.1812175334 9.96658640823 1
7.44940050699 9.4510382277 -1
8.13707497547 0.182434956598 1
17.1532364574 19.1966868707 1
19.6480963557 17.9490114968 1
4.89445517077 14.8265517913 1
17.8693646794 2.59817062486 1
6.63235624004 14.892972681 -1
19.9615350351 11.1989602485 1
15.9217120416 10.8276326479 -1
2.34743280728 12.4062032575 1
6.95927906636 15.7235544552 -1
5.84086533702 10.7973926189 -1
9.16578583422 17.0425197493 1
0.688734973609 12.2072889407 1
4.94177918349 18.2795815994 1
17.2813678511 16.9255655964 1
17.1984525685 3.14812930005 1
9.5168941367 1.75348650356 1
10.8739396183 10.3747492292 -1
7.0225492975 15.3433061307 -1
3.37468408891 15.1073964326 1
5.13952341342 3.06125615515 1
7.83151478047 7.60881718111 -1
2.6244080666 11.9395594356 1
1.39659173469 8.59528272803 1
0.263374809443 14.4275487706 1
15.9766294694 10.9358828403 -1
4.61102083443 12.8562719909 -1
16.3160394679 15.1364788187 1
2.00628757549 3.03586309982 1
9.00780912759 13.5756340038 -1
6.43665828317 11.841846101 -1
17.6341165812 5.7075140104 1
13.7652058908 15.3534460862 -1
1.86450612879 3.24400687101 1
8.41759898219 2.4937031684 1
4.86489230454 11.0685988335 -1
10.2099616401 18.5335467338 1
2.67179837063 0.218391873137 1
3.71999828432 1.04045610095 1
17.5821259418 11.9043269914 1
15.5902772602 16.0299790177 1
8.20435377092 16.646741915 -1
17.9902059186 12.7338410938 1
15.9607430815 9.40461161977 -1
3.52878991193 4.01183457483 1
10.331542621 7.75342514358 -1
14.8748970184 19.7927542558 1
13.0895128214 4.19503969313 -1
4.20564411423 16.0890818852 1
13.0426584633 13.9054331679 -1
2.31264709171 16.5219275631 1
18.6684322355 7.86772704358 1
10.0836393737 14.4427100375 -1
2.57880486882 5.21474574963 1
11.9865129833 16.7539050426 1
12.1815595961 10.9070475368 -1
11.135774443 19.3856659358 1
7.72406147468 7.78502258431 -1
11.685676047 3.45882314138 -1
17.2166005157 1.79198388763 1
18.3462503661 18.6487967373 1
1.50949165705 19.1780278628 1
12.9227515223 6.67074715885 -1
15.5487086739 6.21171931656 -1
13.9009329147 5.26965539647 -1
15.3615800562 3.62801795409 1
3.61025566729 11.5162426056 -1
15.2253939747 18.1143464443 1
17.1537801237 6.86108045337 1
10.0526011666 8.42074221923 -1
7.75056395966 11.5629139519 -1
6.88312085283 15.9826080222 -1
6.64639841595 16.9164282937 1
16.1488382694 12.1755784114 -1
10.1086811589 9.36226628957 -1
5.6799298074 6.95877545284 -1
19.5509272088 12.187978545 1
12.6021590225 6.65463292689 -1
11.1433026634 3.76079567103 -1
8.62478285451 13.2357990998 -1
6.4179516554 13.7335154658 -1
8.08212221024 4.39851250072 -1
7.84811365233 0.139468570774 1
8.20302731555 13.7329144755 -1
7.73551569173 16.6794709196 1
11.5770704189 19.3443916037 1
12.1293835417 6.44943142703 -1
13.3897060413 7.2744988284 -1
14.5866035791 11.4873248261 -1
0.543937136798 1.84059287203 1
2.18956531504 7.24648480548 1
1.90047962721 15.6783403245 1
13.427767378 1.06953428658 1
18.1189262213 6.04529358147 1
6.69851737345 18.0318073804 1
17.1624450879 8.03469805761 1
8.94615476616 2.14661003567 1
18.4964525728 16.0620766083 1
3.41735808789 10.3714333327 -1
17.5213257863 5.2875661457 1
13.0256689463 1.93246222142 1
15.3890652855 1.49926021541 1
2.5256556575 15.9732191869 1
9.36304110618 17.6706678422 1
15.8784859949 2.26198912757 1
18.1643380988 0.792625590768 1
0.572768495495 2.04677350528 1
6.22068866378 17.8123883827 1
3.52653683929 18.7046804757 1
11.3688858837 15.3049014783 -1
2.42356329085 4.8338543897 1
8.28806375908 16.7982478966 1
4.94629203691 0.271361794118 1
5.17647922333 6.30525749897 -1
10.5703637985 13.3601513549 -1
14.3405159508 12.4497580032 -1
16.8180981381 13.5876438874 1
9.29223254734 9.0879056762 -1
18.6699882402 12.6567064574 1
17.4485383425 15.2284760619 1
2.8478311344 0.864643825701 1
10.9476545889 11.0818673225 -1
1.35665586424 14.0398440026 1
15.4817043261 0.88831876123 1
10.7093095371 14.5335737516 -1
12.6388622693 5.01618346767 -1
0.54917606141 11.5663617123 1
5.08978405782 3.09976429567 1
10.6848898776 15.5655455747 -1
10.9943385438 3.30221289706 -1
17.2118234928 4.41335390861 1
7.48799121254 8.94525274857 -1
6.07785244265 9.78639904373 -1
1.37113714169 18.3155603214 1
15.9003334272 1.47574328205 1
5.08254418216 14.762290804 -1
14.8390950726 5.05868534404 -1
18.0314124912 17.0004405908 1
11.5129258254 17.7771977326 1
7.70796906141 13.6500964644 -1
14.1624395383 17.2706113786 1
13.0542133766 1.56360534951 1
3.2507332294 8.12731002516 1
9.46020999118 5.63383492129 -1
13.6022206478 12.9468116027 -1
7.60300789801 3.44154095 -1
8.55020235164 7.66745525447 -1
0.558461658451 1.91635690102 1
8.99763972958 9.08982961497 -1
2.03462706825 7.98681667869 1
10.236430151 3.67027011116 -1
10.7534568511 13.3032455751 -1
12.974776762 10.8010357057 -1
7.24750526208 14.5560767079 -1
11.0312158844 18.1579216022 1
7.09959573369 5.71774597492 -1
19.8090137384 5.78020223956 1
8.38502944248 16.4996880114 -1
16.3405537736 7.07017892264 -1
7.45959117469 9.10491649668 -1
13.9186351317 19.3873082819 1
11.0123223728 7.70973706956 -1
9.27259279685 0.0700150849848 1
7.21710714824 14.7763365278 -1
3.02211936629 10.3270104952 -1
13.4303015717 9.67952676289 -1
19.9516567454 14.9257110864 1
12.1549036489 14.7615643659 -1
15.9379191995 3.82117053575 1
2.04301153542 13.1463107775 1
11.3564644891 15.3807368395 -1
14.2418690836 6.121299884 -1
8.13381549271 1.6634257501 1
3.81367259105 13.3229950508 1
14.750590554 0.311425426918 1
4.11887901077 18.1914804832 1
14.9131092534 1.25287808221 1
19.3565213781 17.5151748922 1
7.78149359939 9.23039543337 -1
3.40893138034 1.96688039902 1
9.24502380998 4.15524319414 -1
7.14236361814 2.72153301633 1
17.4731746002 11.5591160674 1
5.42042675165 9.41800028811 -1
2.6189448166 13.1902389482 1
12.9704653032 17.8222927233 1
6.8905251781 0.391647356745 1
10.3049259345 0.913617564224 1
11.6342775239 18.0136529038 1
17.7192217514 13.67163175 1
18.4989316551 12.9794601293 1
15.3481464126 19.7985047757 1
5.22384745588 16.3317769755 1
16.7434776605 17.3511528113 1
1.11922514219 2.64214990388 1
11.7183751407 10.2391977306 -1
5.35498791242 13.6990593128 -1
14.8990827726 3.3148248463 1
12.9903816288 10.3905004921 -1
17.7937393984 10.5361853134 1
16.2508655484 19.2852680908 1
15.625010337 3.9249653237 1
12.8900870997 17.8926833541 1
2.32326575463 9.01934648019 1
5.61048593564 2.53231295953 1
9.9795967801 0.600034055631 1
14.6121264083 2.06999166657 1
8.78806212925 18.6295878569 1
0.478036305293 0.569193734624 1
15.903123067 19.5819322186 1
4.32334437084 15.7658022455 1
11.2604346353 16.7191917091 -1
9.22731798106 5.19249319204 -1
7.33251369798 10.6858488613 -1
11.2231109688 1.77051607816 1
17.1332244127 8.15194177854 1
18.005635357 4.41340208723 1
19.0711073505 10.9823726785 1
2.53518226667 10.6211033316 1
13.1349083927 9.99465254984 -1
14.0761731148 9.8754770175 -1
15.1253434043 0.320962527566 1
14.7735305676 12.4098241821 -1
16.2729800813 8.55127985588 -1
9.60880722003 8.89065887099 -1
19.9816647348 18.4509680384 1
18.8804740081 15.4227252973 1
11.3012414133 19.9854571686 1
5.84446361975 10.6375467917 -1
17.5533916316 16.3186978779 1
19.9069226043 3.98266385409 1
19.2772327922 1.81849515661 1
11.3376050646 12.0008397779 -1
9.74297000096 2.14828534028 1
4.73682468971 5.78230012015 -1
13.9392546819 9.29267168065 -1
19.8159987034 18.6443330712 1
4.25093829106 1.40751331324 1
7.44538833492 13.4384752388 -1
0.914592829695 18.1226249072 1
0.924669724721 0.877051636786 1
10.4902711752 2.73126748942 1
4.59473839147 1.69207418475 1
12.5095324999 18.468466828 1
10.4573098334 8.1337136135 -1
5.07205272378 10.5800929352 -1
12.2260242881 15.3502888728 -1
18.3628312895 1.99312115255 1
2.79808831611 14.2377795729 1
19.7985575685 6.05234266508 1
16.7511520508 11.0568160765 -1
19.6777653572 7.58312110022 1
12.4793235392 6.95941915777 -1
4.78943082086 19.7729975144 1
19.8423843164 15.382634139 1
6.38119916323 12.9441163075 -1
2.30317212754 13.9431929742 1
10.7712552146 16.7604420752 -1
10.9070096151 18.3749052303 1
12.8728549422 10.9700717774 -1
11.5458352581 7.99890339826 -1
13.2193437288 9.28030212978 -1
19.8341003492 19.7518716015 1
11.8673034884 17.1296457087 1
6.33126512483 12.2668334687 -1
8.18725498057 3.69821325344 -1
13.5788223475 15.9700213769 -1
13.8836834613 2.23338854932 1
9.17054393264 19.1038968697 1
8.97545926411 0.352025686633 1
17.4454490998 13.7567657918 1
4.92171848968 1.54804225641 1
9.16147860532 10.20173447 -1
15.1569361243 4.36958142992 1
13.974961337 9.85485458996 -1
17.4713686012 7.82226769591 1
1.88252639869 15.5892073361 1
2.04748497161 15.4187157939 1
17.6238591235 2.53706058929 1
6.71581193387 6.75454083843 -1
3.63244235354 5.29343202339 1
4.12725480447 5.51427762203 1
8.75790347434 12.7370390518 -1
0.928492825869 13.6574892972 1
1.13974640566 1.12593489112 1
7.6163963896 4.95584036773 -1
8.9433672058 10.0262267176 -1
1.86406834032 8.81541679885 1
12.3151995252 15.4517138506 -1
13.8368070448 19.2965094654 1
17.4185945468 9.42159148802 1
3.99225492639 4.49343574083 1
4.66518931828 3.84645364101 1
18.9213669848 4.64114024815 1
0.808439526834 9.34405967674 1
0.420866917932 11.4230408286 1
7.35012280074 0.979052943332 1
12.2276420523 7.9165888256 -1
4.89749836397 5.00290227373 1
6.07078902079 3.24540996063 1
18.9184937701 0.513985122248 1
5.70959544636 2.91989392149 1
10.8663007054 3.59602433258 -1
14.1844367397 4.25580263196 1
7.24606809801 1.06368319648 1
18.6747003084 4.31593941968 1
13.8143982783 10.5701600985 -1
19.4146167535 15.8171368884 1
17.2605211389 19.3109120379 1
14.4499816922 11.1000940282 -1
2.75300679553 2.40728629664 1
5.3419869866 12.9950992243 -1
3.37068218354 17.4299326078 1
3.2589547961 15.3404951704 1
18.2198087873 7.69788077222 1
15.8091743102 16.8842883332 1
2.3743129832 5.96261182253 1
17.0205423741 13.8598303625 1
6.44998563178 4.80169338294 -1
0.511813410866 10.8442231666 1
8.72612300892 12.0613398148 -1
18.890565589 3.2732191854 1
13.7071139781 15.7007617087 -1
15.9509871412 3.20480408136 1
15.2719486677 4.39868008507 1
3.03229674229 2.81050527721 1
2.46181848942 3.14211300811 1
19.9505861399 10.8375100103 1
15.3554184748 5.16531184639 1
14.170238924 19.8147145793 1
14.9767441732 6.6060119088 -1
8.67763191745 12.3583923845 -1
13.7733161817 1.70359633953 1
7.93413598546 16.5909312422 -1
19.2943563112 6.87753981549 1
12.6003558214 5.65279706827 -1
9.10145585872 5.54898529083 -1
7.80720589576 1.35708092752 1
15.8026439737 8.43997096001 -1
7.2584833709 4.71233505727 -1
19.3135846381 2.08242781283 1
19.4363052796 13.2817633503 1
11.94535359 7.65603501912 -1
4.66625946151 10.215136631 -1
19.7117981841 11.3855316304 1
5.19439425796 2.75752715802 1
1.92882572361 4.35389944932 1
3.39560456076 1.2415295892 1
3.69790224139 11.5383992188 -1
1.0857720722 4.91775770665 1
11.6872754135 13.6232181904 -1
13.1430851701 18.1046246939 1
15.4289849703 6.923868565 -1
14.1396102593 3.664513304 1
19.1766564792 3.70922572523 1
1.12802890413 1.94390453241 1
18.093670151 1.42273322233 1
17.8833623696 12.8744605611 1
14.6039595725 4.8964564299 -1
4.29258445665 13.0724855048 -1
19.2374905315 18.4663610197 1
0.597399340273 11.2118283096 1
16.1466587688 9.24079575575 -1
10.4268159564 11.0715254151 -1
11.9528993383 10.9750744956 -1
9.44652590582 4.21937443462 -1
19.9297958663 4.23505253575 1
16.093485054 13.9008310282 1
7.10292574804 4.54281326093 -1
16.6013742367 6.08008954985 1
15.0807666586 0.847026741054 1
19.0561524973 13.9249176985 1
4.02259863832 3.22216276864 1
5.23894975334 15.0059985267 -1
4.65566705519 7.13554651852 -1
10.0008212696 12.5009193437 -1
1.16041368196 15.6161319531 1
12.2948875751 4.52172813908 -1
10.5269417787 10.3082971771 -1
9.85591582617 5.62602367943 -1
6.18467957555 19.1390251104 1
17.6425040011 15.5555359529 1
13.3744755103 18.957837007 1
9.07592452239 9.52200375905 -1
1.11685941053 2.31179860988 1
8.03236481269 16.9005539297 1
17.7944385506 6.47666008493 1
18.8493337962 5.64920601818 1
15.7265131898 14.5464609498 1
16.9590901411 3.60065695104 1
13.3342605988 17.8887624434 1
1.55424115178 12.7027227972 1
0.527828867225 17.7467161421 1
8.26883772695 8.8821942251 -1
3.53029610546 9.65548626571 -1
19.1530724983 0.258291523498 1
4.26020286603 0.200959862128 1
6.28512825384 17.020867041 1
5.68776337437 4.27076093499 1
18.0234951265 19.9962752099 1
16.926504375 1.42156540864 1
6.76531352284 1.49059576225 1
5.13842141136 12.0724301051 -1
1.58983683995 11.9465981371 1
15.7496438695 5.54718535577 1
6.65567670225 2.1350994887 1
18.0105031222 8.50856150253 1
1.39901136832 13.2071802825 1
14.708368072 15.5621146955 1
19.7185631326 17.2398857466 1
6.52050591589 8.46191753306 -1
16.3243726325 8.02632963105 -1
15.2641763222 12.4601270675 -1
4.86357722752 18.1391236794 1
15.4003280893 4.44353268669 1
5.51055716843 6.4662831711 -1
9.39650117857 5.37737201461 -1
5.89040141065 6.29289850681 -1
15.8099886095 5.32082266887 1
6.54496465526 12.6688959394 -1
15.5076132423 18.3533345211 1
1.78143194016 14.0505676918 1
3.66232738433 8.37329177515 -1
9.66499306768 7.183928336 -1
14.1314187389 16.0033930214 1
6.71452748993 18.536919985 1
10.5354578645 19.6132957889 1
10.6648760966 18.2286167067 1
6.84204906693 17.7104685899 1
17.2592751268 7.7468142637 1
19.9462873431 11.1792569887 1
12.232382442 8.58785242751 -1
11.8095776611 19.1922384473 1
9.38896017588 18.7623502438 1
11.7109339246 11.6350012023 -1
17.8207150592 16.4364293506 1
5.9217348749 2.261752355 1
9.43527992658 3.85438914984 -1
18.4910097484 10.7525152362 1
9.14082120115 11.6066796854 -1
7.26100919277 15.199818902 -1
10.3007412347 9.6569603927 -1
13.8213843037 10.9251090053 -1
1.6047239089 16.5855964998 1
10.0932968113 12.5303223972 -1
2.10848807141 19.5583108156 1
19.9298905014 2.95916706595 1
7.07651405414 16.4598963804 1
0.565648166826 9.31334565922 1
10.5119770906 17.3069574932 1
19.514182448 14.2642318752 1
19.278924646 15.9352281744 1
12.870466365 1.55670570083 1
6.53779178319 9.49942265755 -1
10.6799190374 16.6722027526 -1
7.07517876714 2.51381823803 1
13.1169764741 5.96896730789 -1
14.6593882607 12.921558842 -1
3.48185965259 6.80382311245 1
8.96957251859 5.53608141283 -1
10.5804027507 11.8683823798 -1
14.4810051019 4.06643822256 1
11.4663435843 19.9930820758 1
9.66211751328 5.90510122549 -1
0.940279753301 4.754415368 1
6.31114526236 11.9053372554 -1
3.52374714056 4.00326223516 1
7.94672871736 9.95115928296 -1
17.3026039099 14.8938721928 1
8.12813674024 3.03467684772 1
11.1062662461 4.81429736803 -1
18.3150347993 10.3632119461 1
18.9166373427 2.75092034002 1
9.52060634522 13.9064549796 -1
10.5387489036 8.56011789578 -1
14.6276052763 8.6211574664 -1
18.9270653554 19.8304992463 1
11.659573805 11.1952838942 -1
10.7257815327 2.45160387121 1
15.1423230566 7.63108625755 -1
17.2629678026 1.04064841904 1
8.67613674968 0.697087548256 1
4.97440078471 19.6268062242 1
5.05208484797 17.1327341888 1
13.8311851205 11.7158043739 -1
16.6350029789 9.63774819903 -1
11.0533440254 4.52181487727 -1
15.7300629492 7.27621252177 -1
17.1444617269 13.2560549631 1
11.7455088853 8.77927933284 -1
11.1759728333 7.27580585825 -1
19.0398815068 19.0142051082 1
10.2759114399 5.35798257163 -1
9.33661279637 12.8280985336 -1
18.0744714696 17.573271902 1
10.9755971861 10.2978842009 -1
16.7359845869 4.81651659459 1
19.7942666837 17.4458747275 1
0.836880808965 4.04037469248 1
14.3266669766 4.93933762713 -1
13.8436961348 0.92859021444 1
7.2343639644 11.7218595759 -1
8.7689951414 12.2222723269 -1
2.52764833179 16.2872482557 1
6.11784386156 7.58923074542 -1
3.24276234259 6.04135280631 1
5.52647531994 6.62366061366 -1
3.68441119761 11.8671045797 -1
12.1314108504 13.2828007019 -1
19.8748552662 12.9845724327 1
5.41877278873 6.73209337819 -1
19.4495495707 18.9326225025 1
1.49165580053 12.8119400046 1
17.0905629824 13.2314498509 1
15.4917069633 11.6584991791 -1
11.930153737 2.61848863216 1
9.20097198649 16.7906901766 -1
0.0278340922587 8.77556515007 1
12.8711984602 4.96052022747 -1
7.55593929777 17.3818344722 1
12.7208510485 8.18163505794 -1
12.4102178863 10.6598178545 -1
12.2275340008 0.677539186047 1
4.39731049662 15.0515026072 1
12.3099093636 19.3611616766 1
7.83108384007 2.09500882412 1
18.780105347 18.490544567 1
1.90207321359 10.4830106177 1
6.03374574798 11.7755487704 -1
8.83872229633 1.32885942187 1
4.32465658461 11.8921120617 -1
18.7790571289 19.8861284242 1
3.25863982086 5.49946285045 1
14.219537131 18.2573480194 1
5.88141166378 10.0906565793 -1
1.52366634024 7.65052462656 1
16.1767859454 2.93625790737 1
16.5092870728 3.71308443538 1
18.0975937984 18.9057013521 1
0.157605314192 14.1082938596 1
16.4312112762 8.38552374041 -1
17.6862629405 11.884301478 1
1.39131074299 9.34902751692 1
13.0981820161 17.974999303 1
10.4115680885 14.2966081629 -1
13.1007236225 7.62620273859 -1
15.2863094104 1.6233812159 1
19.1364749129 19.7080703161 1
13.2643014373 10.7510242273 -1
1.88309950108 14.3220435559 1
16.895130515 3.32500806432 1
18.2276021049 4.75617184026 1
1.70708913129 0.442974886465 1
1.1522165827 15.5151225311 1
7.96265211935 13.9669785031 -1
13.6051232265 2.86176128111 1
5.46414345408 4.73275506749 -1
17.8364178088 9.13820794379 1
15.1779919629 7.33821791221 -1
0.277136354597 7.71392974623 1
12.750672694 19.1400314632 1
16.682077891 4.08809157746 1
7.9977776549 14.1771641741 -1
11.4689373845 0.416470165412 1
8.83616203694 2.01288990836 1
16.2889122313 2.49953823198 1
4.31806709964 2.49793593385 1
13.4503976347 17.2357849868 1
15.0074433213 10.4272721753 -1
14.2092336272 16.4271248864 1
16.5756465435 14.9663591382 1
12.9208153261 13.3589633697 -1
1.93182723711 13.9047270723 1
9.25220161714 19.6044462301 1
10.1135137183 16.1392060216 -1
0.548170632426 3.01019737429 1
14.9245919968 12.737743446 -1
10.6386186734 6.00542452319 -1
6.66167577824 15.6374343577 -1
2.78809246085 15.9026987356 1
12.9025830541 8.74845035303 -1
10.5115348237 13.7168700472 -1
16.7983835584 19.3274416787 1
19.6885193453 17.3704131812 1
18.4556836493 6.65858041253 1
19.671235018 4.94536770763 1
16.2829086783 19.734398263 1
14.8287146932 18.3189289202 1
15.6818712286 10.4204400928 -1
15.043546233 12.5955238544 -1
15.6561473866 2.43613800263 1
1.39216908216 18.3279438701 1
13.053123486 10.2846827868 -1
1.33211983793 1.4016169681 1
8.73522679425 9.69038785841 -1
3.69775646769 16.697348213 1
5.11129217371 16.454795979 1
14.9217403536 17.3468506609 1
5.27229343525 0.904749842537 1
17.4042021815 11.122233116 1
3.66343789583 6.81524914671 1
7.76438723787 11.3296137345 -1
15.6533422519 4.90936159073 1
9.90193877922 1.71375970511 1
13.0664468604 15.4510809577 -1
11.2948541492 9.78453421518 -1
18.2802099428 7.01094169364 1
2.60665342415 4.76751543963 1
10.9896931897 17.1947933372 1
7.90503902949 2.67624308171 1
10.8019599964 1.13056108559 1
19.897846911 5.68584211233 1
15.0174199274 7.36173545179 -1
9.12698146938 11.6491446937 -1
12.8335478127 10.5232260002 -1
19.3646684853 3.39122113955 1
15.4704089026 10.3037909354 -1
15.2356989473 5.71936950886 -1
5.60810161302 2.87133755319 1
18.4932123688 6.35742072874 1
3.35397894178 7.90097749424 -1
5.19652366205 10.6318517027 -1
13.3692184081 1.8454526206 1
18.2373304284 3.58190972598 1
0.917122770515 5.10307669076 1
13.5380153155 5.8280032347 -1
2.25328230654 18.214775628 1
15.366018515 1.64294934888 1
15.6255458616 9.49034559456 -1
11.2554262557 11.8902767624 -1
8.09252781829 14.0102622385 -1
2.83096647643 19.3623279255 1
0.206240171549 2.77591988844 1
9.03270584814 18.9291924783 1
13.1188744323 7.63998278489 -1
17.1794841944 15.1237168903 1
9.61489125482 9.63509352058 -1
19.0024029636 1.01336056648 1
16.2099251216 17.5120022903 1
9.53071284794 15.1889326796 -1
17.6224381571 18.3445902584 1
2.24842788408 9.58229118107 1
8.4795558614 8.8543164231 -1
15.7607731783 10.3053165737 -1
19.0767252442 10.361950917 1
6.04720046393 18.5069818579 1
14.8024154441 6.62636462962 -1
16.7501698096 13.7895638984 1
13.0297697886 9.51508340946 -1
6.89140880718 4.19196485143 -1
9.75513057521 11.4332194611 -1
13.8481072209 2.53432852109 1
3.76812151511 14.7758223381 1
8.62933283695 8.81792173947 -1
13.6750116984 9.29252432113 -1
10.0912705505 4.08184238216 -1
17.1547959488 19.5280974607 1
10.8975395196 6.57472564283 -1
9.44058077692 0.519312310218 1
11.6884417021 16.3931069979 -1
9.51076925613 3.16792516092 -1
5.44149789362 8.42159736815 -1
2.56527291771 9.46580189782 1
17.9999169542 4.11048192243 1
9.14863093429 14.0109254247 -1
10.8085100751 4.78455253545 -1
12.2294507059 19.0856746096 1
0.230372625723 5.45776377801 1
13.9873324811 13.0598039329 -1
5.10398307802 13.3550318728 -1
4.59159772977 16.4248448425 1
10.6188211018 6.4624030784 -1
15.9424786854 19.0257595813 1
8.23674239865 19.0411355005 1
13.1501135916 16.6939438814 1
10.601922903 13.9835869397 -1
4.06931403638 11.6582353358 -1
6.73933082464 1.55576723872 1
9.31779803686 13.8629497139 -1
6.09632419048 14.7316397055 -1
16.4045589703 16.9076894714 1
4.32091451586 14.5049611464 1
6.97487025036 10.9592803352 -1
5.96138030788 15.4349770489 -1
13.5575974602 16.3965070224 1
1.18031090108 11.6469969639 1
11.2764706012 11.6134126958 -1
9.76269516057 1.88730731439 1
15.6083684783 15.4592610037 1
12.3476440718 11.7768134326 -1
16.3396675926 15.8784778745 1
11.7716879988 12.4383385491 -1
15.6714138678 10.0687753939 -1
10.791854156 18.9036348861 1
10.8039893478 3.68259658652 -1
7.52485629215 8.50377186071 -1
14.4898966436 12.3526952646 -1
11.4568877744 2.24718532824 1
2.07167700418 7.35184842865 1
1.30439133654 6.7034238917 1
16.685135552 14.885028059 1
1.0667233071 19.7089339383 1
2.40714504133 15.5883377489 1
6.01179107792 10.8240357265 -1
7.6888118231 11.8264706632 -1
5.95122914377 6.39977993362 -1
8.86457483306 1.28645363604 1
6.97458017466 13.8384548713 -1
9.68895376141 9.36770389548 -1
0.968199482131 2.80448921571 1
16.1326771397 6.64626422971 -1
14.5271305044 4.98220343802 -1
13.7529956857 9.07975169849 -1
5.38350075225 18.549228818 1
14.6875680975 16.6699360355 1
6.80908177559 7.45106016805 -1
14.3462385493 6.90970316969 -1
14.9590511748 3.47884098749 1
3.85551472967 6.27551525376 1
6.65922250392 1.40447180937 1
9.59512029258 18.4045203397 1
17.6416582394 13.46156988 1
0.860700644133 2.39086074483 1
0.862398937073 15.1536993246 1
2.06948119542 8.72454510188 1
14.1916375997 19.1661683092 1
6.86058576048 13.1224171173 -1
9.20729889369 9.06053256067 -1
7.15912119822 19.4641982759 1
10.6244863163 18.7259313276 1
17.999561673 10.9451822609 1
3.44762724505 9.05738036016 -1
17.2368291349 17.3109463304 1
7.1341226769 3.07005021036 1
0.260492324529 7.8206280883 1
13.368982456 11.2078716327 -1
16.6669418253 13.6771500183 1
9.70109644355 13.4272590052 -1
6.67112707504 18.3015328639 1
4.26659014715 3.28758878578 1
0.558827358317 3.73020874003 1
17.9857173024 14.6374181022 1
5.45089604868 1.25723035948 1
15.9876639189 15.6392018274 1
3.68161246939 4.52778246016 1
11.7117284544 19.9301542081 1
7.10626814869 5.23672242998 -1
15.6415124337 11.6943185239 -1
4.77064628076 5.96332899183 -1
17.1578914615 13.7561734364 1
2.03878016741 2.70799666338 1
14.252168583 12.4196821417 -1
19.4902680763 18.707750825 1
18.692222444 11.2500040004 1
2.76259175172 15.0439804028 1
1.63945604661 8.76606151894 1
8.40592136373 10.3815212063 -1
3.79804723713 10.7621829594 -1
15.3991688833 5.10357433177 1
6.86170037671 3.56300942043 1
6.57370029332 14.2581441908 -1
16.9483102331 8.24541097802 1
16.0728329179 7.81915229489 -1
12.0592978875 12.6142328701 -1
6.83248064107 16.0536614059 -1
11.7875564895 2.88956802919 1
4.66936084201 0.894906649864 1
0.383539019604 13.0772311526 1
13.6437581602 7.69320931929 -1
6.59439018038 16.2595634955 1
2.25462338877 18.7027907391 1
1.30894280009 6.43998002874 1
16.6429265877 15.6991558937 1
12.8466246118 2.33315481624 1
4.59683980291 18.354388443 1
19.1775152258 8.29329192518 1
6.34889712768 13.6314313241 -1
18.5555463704 4.26918295338 1
7.67581091296 19.1581426372 1
8.89173292226 18.8839561022 1
6.17645603305 1.07335793079 1
12.5722307296 11.9904153734 -1
2.84910870732 4.39141286925 1
16.2508678423 11.8081992186 -1
7.08574076596 16.8508308683 1
12.5924137025 15.6195075431 -1
18.3113685464 18.6403602309 1
12.0972637155 15.3579072978 -1
13.3423800037 17.8207173484 1
10.2401246975 5.30092827599 -1
17.0136874126 10.986057017 1
14.6118161496 12.6875753539 -1
13.9795475968 16.8481902927 1
8.56362869227 15.93587601 -1
15.7087167044 5.00362484414 1
18.4021395783 14.8585942975 1
6.08524861195 5.53611292954 -1
18.041366655 6.62857059362 1
0.668931256607 7.77602503151 1
6.48182098552 9.41580366211 -1
17.0239342501 11.0506972641 1
13.8780431521 7.90457900724 -1
2.02815491623 8.92013864761 1
6.24918770806 17.2924131986 1
15.0918174163 19.806875166 1
8.94281505486 0.00500619523657 1
18.9043510054 5.17209504073 1
5.72334671567 11.2586469025 -1
7.30142127342 10.8573910299 -1
15.0020319366 0.659593238177 1
8.85542157146 13.6740276289 -1
14.9774863471 16.131232271 1
2.57323835045 18.7976468695 1
15.3141015352 11.6328590574 -1
5.51424374405 1.60637403781 1
9.83600187911 9.70851064328 -1
0.132368013702 7.78934031628 1
18.0723282193 17.5535176868 1
7.82580012193 19.5798651809 1
16.9907925763 7.73366406225 1
9.888200165 18.2967532203 1
12.3876085417 8.18703106654 -1
15.3453419651 12.8756500333 -1
1.33735756 13.5619290398 1
13.6128330038 18.6702892624 1
5.25392480106 0.682066480001 1
4.0804822059 9.84973359362 -1
2.83474866735 16.2838851706 1
8.19125991315 16.3395817618 -1
17.0521200086 9.10842204082 1
18.9112004625 15.0767538841 1
12.8687101944 15.9079059053 -1
2.62066779598 16.6991902582 1
15.7642640989 10.9346392088 -1
11.7501707959 13.4567917841 -1
19.9033765987 13.8258902315 1
0.687301870009 14.6065419811 1
10.674846596 17.8610456504 1
6.24655021743 0.441027124672 1
13.3149233026 10.3596403454 -1
1.46476712902 12.9494459584 1
3.97411011163 6.77995266575 -1
5.8596479003 1.94220348467 1
0.870875721638 12.1033592415 1
17.608570411 13.9280533624 1
16.4111995479 3.5840981348 1
8.05165825817 13.729893905 -1
0.638547126574 3.15516903177 1
12.7251941017 13.2984363984 -1
2.05307596615 4.66569296645 1
16.307010637 14.8167847566 1
3.22642603369 10.5194804135 -1
6.4697136542 15.1862334489 -1
19.4302873249 7.95066404617 1
0.205011422822 16.7987369118 1
3.05537820874 1.01213119318 1
14.5968669077 5.45916667596 -1
12.3784546209 12.1286330957 -1
15.5002767876 8.61650118004 -1
2.13931127656 2.43266253276 1
10.9146780895 0.245852581573 1
7.75299356241 2.15555832102 1
15.7273277718 12.6740237213 -1
11.4372855223 4.55063019795 -1
6.04102659427 7.86461703423 -1
14.2037713175 9.57462188132 -1
8.90443843156 10.9151863746 -1
8.51005339019 1.17631534157 1
9.8610461762 3.2791871668 -1
12.7052552347 19.9185563815 1
5.10787612771 17.877915569 1
2.47624340014 8.9203975911 1
16.8087277067 15.4749942358 1
13.4601946361 2.95887406261 1
5.04786225925 8.41401108915 -1
6.99707021031 11.7165333417 -1
18.3128382587 13.4448345562 1
4.00138433671 14.9582909549 1
19.6838186041 2.69160191123 1
3.85615230568 5.8635088271 1
10.6896532739 19.581690741 1
10.5208585417 11.6068515014 -1
16.3789655876 2.50863139858 1
11.1388198316 3.57968406065 -1
15.3067349874 2.2586881039 1
5.30065179827 0.844900765818 1
16.6932129716 9.10389905434 -1
10.0453971825 6.085924596 -1
3.25015901745 2.76181828329 1
1.06552147724 7.95348746491 1
12.125932371 8.33508504691 -1
7.18444726272 13.7852425998 -1
2.66982512361 18.7851945086 1
6.97923214328 19.8083605395 1
13.8938486642 4.96134089859 -1
18.8415362729 12.5732109572 1
13.6695954025 18.135669416 1
11.786703627 16.3782534111 -1
16.1713215004 15.1830098121 1
3.60593280114 9.57224820621 -1
0.857845871033 12.1854919238 1
14.5791996177 8.35204447491 -1
5.61178550497 11.4909951397 -1
7.38193447852 1.73127809882 1
11.3486189671 13.323131156 -1
16.3392808871 6.47739677397 1
3.61329905441 10.6562095394 -1
19.6670780352 8.59170538154 1
15.4634454936 7.26269839701 -1
12.3793753489 7.09188427837 -1
15.0831232366 6.99861066833 -1
18.9040254346 13.0011942292 1
18.0588105139 18.3382781014 1
10.4449856695 5.12233061954 -1
12.2969338389 19.1167246972 1
7.83349128099 4.90341898671 -1
19.2010940228 1.0410887508 1
19.8538883796 16.5294617302 1
4.77832236439 17.5723763011 1
12.9812174805 12.6124059581 -1
4.37042706063 4.20244020412 1
17.1931139251 19.7332927047 1
17.4591992537 5.75669767962 1
11.9411865315 4.14898826511 -1
8.03543281473 7.14144763658 -1
17.9117424318 17.042151186 1
18.4504991047 11.5975120345 1
12.8573916385 0.674669188246 1
0.0918760345006 13.5290358862 1
2.9066555373 14.0388989033 1
4.9683779774 6.91121177279 -1
12.9632189492 16.6191033218 1
7.67533888773 4.41054178461 -1
7.09440442322 11.4223695014 -1
7.68048724117 13.2007279582 -1
6.27006563106 5.56663244343 -1
4.77155962181 2.77521383102 1
11.2460127109 1.78743523446 1
10.4550371159 7.44935116248 -1
16.3094865843 1.19179652065 1
19.2955808023 0.786157656748 1
2.95211427468 3.89317067132 1
16.0662076431 19.5212767577 1
18.270417174 0.980721601053 1
6.65365918311 3.59917014212 1
3.73381948951 4.6023130455 1
12.4213788884 7.801368503 -1
10.6163738727 13.2468979365 -1
4.0687940133 12.3695330848 -1
11.4432040328 1.66767057187 1
16.8986149393 4.6941891806 1
15.7838811503 4.32392540718 1
15.5543387792 16.375924009 1
0.275589606593 11.4851072868 1
1.66562751747 10.869833587 1
5.59749411712 2.89462164688 1
13.0412634045 18.3129924325 1
17.5121898732 0.367596899881 1
16.1506514502 3.61782349174 1
19.0359861302 6.31767673988 1
5.70639925334 7.08214821178 -1
5.99290427167 10.7840005743 -1
16.6018885705 0.0703462442504 1
14.1164279471 14.1819027466 -1
0.558508701709 7.61838295191 1
12.7034062854 6.36359116284 -1
8.19714359708 3.23923336775 -1
0.260586956226 17.7042505218 1
8.56881067214 13.7254192008 -1
9.09266322235 7.58548271548 -1
10.9148574581 6.692105371 -1
14.3556810966 19.4852929664 1
7.36205792737 8.73502604096 -1
7.69849570409 17.9250617638 1
6.5515808845 2.0303595633 1
10.79518498 7.87429026128 -1
16.4164426159 17.1962560226 1
7.64224239667 19.8206560302 1
8.33042201433 14.6068794902 -1
10.0585172556 3.25812543856 -1
15.2996685717 16.7936368627 1
3.40568358264 10.1245076701 -1
14.4983335993 10.1207559022 -1
11.9998168937 10.4299449398 -1
5.74031134116 14.2661463288 -1
5.41724720125 5.12608507371 -1
13.1351797213 14.8443841401 -1
18.1730923825 2.91071690046 1
9.62844747703 8.07556086997 -1
3.63689657918 8.81861499211 -1
19.5944330092 10.7260406159 1
3.97981104365 4.91747944141 1
17.4063660861 19.5883494344 1
15.8878653711 7.70841319991 -1
5.73508545867 0.729458156187 1
6.79547181984 12.6133678572 -1
19.5738161806 3.65187200062 1
0.412527034703 15.6417530967 1
19.9731686469 14.3207710882 1
11.4970949845 16.6118301024 -1
18.0377833135 8.05529658941 1
1.55946653259 17.9223886669 1
2.26993260641 19.7774249727 1
19.9095846347 13.1598032747 1
14.576219069 18.4348211951 1
11.8388321289 12.0689217567 -1
12.421447686 5.202954925 -1
19.9981916618 13.8976490304 1
12.8215445822 5.48224690793 -1
5.17780611498 8.0883754771 -1
7.81941451822 3.13790638832 1
4.68371706532 9.05562233508 -1
3.25723445333 5.70630870603 1
17.9829876027 4.68354625106 1
17.2903616262 7.08813175526 1
7.60457022886 14.7929222345 -1
4.98495850064 2.08808330071 1
12.9719821067 13.043501904 -1
2.29792445873 14.3375400586 1
17.0724924864 8.95854997322 1
11.7983490108 13.0489187809 -1
17.1014455079 5.81856564191 1
13.9481479835 17.5561571663 1
0.820193581616 9.17356835242 1
12.5483710052 15.3374721908 -1
1.79267343788 11.7260080285 1
5.07306801727 2.15314317171 1
5.89156399358 14.4885718218 -1
3.96397027672 10.7953209156 -1
10.324762703 1.90871498249 1
5.45160789816 10.1136111354 -1
3.91220282983 13.6995392002 1
19.4959260828 19.6899613982 1
16.7291117779 0.486926402837 1
16.7805244637 1.2537007623 1
4.44146844852 18.2411538707 1
3.11002507965 5.87097364634 1
4.26872956715 7.59549837412 -1
11.1597546088 4.33212781618 -1
19.7242900212 15.2708693596 1
2.76520784339 10.9805315659 1
14.6735852869 5.80459056873 -1
13.0519094426 18.6085956835 1
1.64477989385 12.6986499037 1
19.754703154 16.0210843649 1
0.866163363679 0.61314451706 1
16.9061087872 13.309051559 1
0.941332557168 8.96740356225 1
18.9629049777 16.7956157997 1
19.1889423523 8.92938166186 1
2.32889125503 14.0603984404 1
3.25199602518 14.4656549239 1
2.98737242529 3.44785405456 1
11.5241373034 15.4280857797 -1
19.3464761859 0.453174569721 1
19.5152916061 0.669382345258 1
16.4156045082 8.19246213842 -1
12.1943195318 7.00740679265 -1
15.6438064426 18.0755165968 1
10.0344287494 5.5364860823 -1
18.1389211651 10.7605836044 1
10.8074582058 17.1591961771 1
2.50797344008 8.11984172818 1
2.83750518953 2.45917932837 1
19.0297336246 4.42325318511 1
4.46624470096 3.63266861168 1
1.96596786633 2.99133684902 1
18.4768821255 17.2226366816 1
18.2733368709 18.6356027265 1
9.53971549558 17.9129779144 1
13.2954451466 5.22700964224 -1
10.0812449892 3.86953320046 -1
11.2087320081 11.2608562972 -1
3.34851104862 14.3717503907 1
14.8990851948 8.03885684461 -1
6.99079021346 17.7459551896 1
6.4369648552 14.580524471 -1
14.3543636043 14.148115181 -1
19.6281754776 4.83544317103 1
0.352306293245 10.5981078095 1
1.40153342668 17.5831800359 1
18.6942632975 12.4823109062 1
19.9083537703 10.4023371251 1
1.7554998382 8.22160491947 1
10.644128832 0.882560927476 1
19.0811552428 0.338676837642 1
16.8924670306 11.8533820289 1
7.98017448738 3.11398061993 1
19.2066880561 5.10883535259 1
12.0749229964 12.6815448632 -1
10.056455491 17.0003970771 1
3.76559866625 8.1549532523 -1
17.7443866143 5.21870043008 1
13.4057718835 4.74585173226 -1
5.85698715546 18.2714792007 1
11.0269761984 14.8897681434 -1
0.0718621253227 12.8859207486 1
14.4417069539 8.4780595167 -1
8.10814193907 13.340403535 -1
15.593713172 11.3095111959 -1
18.3650683284 2.23231613902 1
8.29006015826 7.08929232917 -1
4.2072042469 15.0537001779 1
11.1176667411 5.1199305724 -1
3.71572039738 5.85650855369 1
3.15276066888 14.4043387234 1
6.55383106057 6.26720614285 -1
15.2634896756 2.59314991844 1
15.8187992418 14.1833880295 1
16.6494896076 1.91596757081 1
17.2600136191 3.83107214494 1
9.91489836418 2.56605659773 1
19.3176143448 15.3866616273 1
9.40787898628 4.21919726882 -1
18.2882006817 3.84516847052 1
0.335637499419 14.5133387613 1
14.0339650613 10.163530872 -1
6.83767106754 12.6927845564 -1
5.23868744902 12.7866185299 -1
15.1311888541 13.4624641434 -1
4.14697619294 6.04242921425 1
10.9338449158 9.0138428574 -1
15.736094161 6.89848673109 -1
19.3167812944 13.5702488491 1
14.2618402676 8.69951149697 -1
7.56341471032 17.0952455691 1
10.1756958952 15.1037117676 -1
14.7953322891 12.9048760266 -1
14.7213777651 16.7820030407 1
6.54091493172 13.6595742687 -1
13.4015759471 19.7122232405 1
17.9204055388 17.0990049185 1
16.9441045755 3.87549805614 1
17.8490583056 8.19971778638 1
8.57746897591 13.7344449769 -1
9.90438082975 1.14328905993 1
13.6323231942 10.276789202 -1
19.4100824628 0.245915940756 1
17.6378316452 9.21006730501 1
7.25795819742 6.84552017308 -1
5.62930900453 3.1934122487 1
9.49470708739 13.9383199575 -1
8.9132281204 11.896782296 -1
19.8284405615 11.8414959639 1
15.2884613795 4.29629002239 1
15.7900301672 12.455256157 -1
16.272744191 18.9643549498 1
10.9174670965 15.1001670166 -1
13.9323376841 18.3180960238 1
4.72768750939 4.42324263044 1
3.90559668851 3.21648429951 1
10.5625917712 19.8106769215 1
8.32967575154 14.3220732673 -1
11.6969872828 4.96948164872 -1
18.6536697026 5.1607944115 1
10.1229289507 16.7392345563 -1
9.91587414473 8.16126544454 -1
6.2021118495 3.4489306662 1
18.5979205166 1.06396595737 1
3.99422998384 4.50962677939 1
3.12080352024 6.05940065503 1
10.0948059164 6.95554196575 -1
10.8593723828 13.45279613 -1
12.7460477975 18.022878701 1
9.94573350782 14.9779024282 -1
14.3801095369 16.5324464818 1
3.07500004121 19.9126244553 1
11.5204548531 4.87309757789 -1
12.9321268198 3.10361383469 1
13.162013891 7.86998133461 -1
0.204757926843 17.9226112044 1
13.4431843351 18.1596498863 1
17.3846159415 0.641318293167 1
16.6289638613 4.56235846374 1
18.4777219319 2.49966115868 1
9.60656361821 11.861138325 -1
16.9250732736 15.4792513891 1
1.13691220972 13.3585006314 1
14.0184021669 17.8466584222 1
18.5153386973 13.0285973066 1
9.19488603086 12.0564115064 -1
14.9556557473 7.34463908451 -1
8.40478107767 8.89144209184 -1
11.4533964731 7.59667082676 -1
1.41069266096 1.39437672335 1
15.9899042826 2.12761638626 1
6.59756480413 0.0433535028132 1
12.9555929133 10.8309902194 -1
15.6962074849 11.1462902766 -1
17.7336746923 14.0014499786 1
13.7387972128 10.8464323797 -1
17.798758659 0.532027317766 1
1.79163444757 5.4143547504 1
9.24273053506 2.51944414093 1
2.80461317937 4.39746747269 1
11.8926680307 12.7683808702 -1
7.23619823451 12.4149453867 -1
3.23104292035 9.8698004143 -1
0.190075354281 1.5718614279 1
0.229594784009 0.746629379522 1
4.7716946555 1.39657312583 1
13.3782160584 11.5292233048 -1
14.6335112219 10.0661990923 -1
10.2487002349 15.235409986 -1
0.114984341929 10.6142439411 1
19.4233995265 14.9023653088 1
4.94313086899 15.3117003102 1
12.8574009339 11.6206347453 -1
19.7765364351 9.72838602741 1
1.53365861714 3.15961447597 1
19.6327950922 3.07306763732 1
16.4562259934 13.5403768132 1
2.79884132073 10.4909483924 1
18.0175460886 12.1049104856 1
16.8291747349 14.5409997526 1
6.79853460792 7.65591450776 -1
10.723779882 9.09920151192 -1
5.4138774404 19.7534194681 1
14.8592122785 12.1514979681 -1
0.0516535112728 9.89133671804 1
7.87900175294 8.83495804289 -1
16.1073080973 11.6125585261 -1
3.8522418998 14.6654284029 1
4.92794543064 3.04814205457 1
1.43267558172 9.04951640682 1
0.969267567652 0.0112883518715 1
13.0393657822 12.8426793832 -1
16.221511782 11.1724856353 -1
4.53362785887 19.0882059582 1
18.4705921812 6.47246144118 1
0.423174299026 1.43412861668 1
18.5523912105 11.6863508835 1
1.5288236354 13.7475495128 1
18.555690371 9.23417702113 1
12.0858354356 13.959570235 -1
8.37260763054 15.1476707776 -1
13.6230576638 19.9326723975 1
1.16826581236 5.77206337353 1
9.88796241619 3.44806393388 -1
14.5375238683 1.44275607439 1
16.7893670938 17.3395402459 1
0.405863091256 12.349709114 1
16.4980891547 9.41305286903 -1
15.5704360345 4.66751717108 1
3.89165539834 10.8965191356 -1
5.14710118091 9.42157402987 -1
3.61859326509 6.81209233665 1
17.1840755193 16.1780631378 1
1.28214041964 19.6408827633 1
9.88322206955 19.0446231856 1
1.24843152958 19.0334501424 1
12.8253758081 1.15286981256 1
3.82289378981 8.6967901712 -1
12.1383033788 19.0101090695 1
3.62891521437 9.90924989931 -1
3.55415456523 12.152498674 -1
9.16295105578 3.63971252068 -1
7.6758391706 5.35065716636 -1
6.73985410151 7.9725025396 -1
18.697656642 0.192733872931 1
16.9087101068 9.52870641394 -1
12.5914897522 13.7692156653 -1
16.4354820568 19.728155449 1
11.2221649924 8.78473146057 -1
6.77532991417 1.33505289049 1
3.80007896681 19.4814017566 1
6.02774563644 14.7071952544 -1
0.871330417228 7.47584388016 1
15.6864370213 8.34680395053 -1
0.69948212486 2.77170270155 1
10.5909204497 9.44316675283 -1
1.87762264284 0.45531472505 1
12.0374093773 4.03723702859 -1
17.2915957574 1.23112611095 1
8.23718217533 17.6215656687 1
3.79034303988 6.90353555937 -1
4.44436067066 2.69115892718 1
16.0779170072 9.81313050754 -1
10.5745111094 3.37650400322 -1
11.4978378733 15.6717264321 -1
15.4691309281 13.2866733673 -1
5.45095405927 14.2216774322 -1
4.17848744504 11.1348442869 -1
3.21145448361 9.76779423274 -1
5.57190040711 13.9256084301 -1
5.5155951288 17.2081692768 1
10.452075413 18.9920437012 1
10.0398426775 18.8359125155 1
2.42861827943 7.58539909121 1
14.5560019304 12.9608370539 -1
15.4880799773 15.7925182717 1
13.4303809506 12.5816886462 -1
10.8647066714 4.0494866267 -1
10.9439551933 13.3293799569 -1
11.2539199011 0.612242009329 1
6.0177195526 2.34358154975 1
10.0446535747 19.7304338223 1
7.84889978292 14.2267415361 -1
12.5215542101 7.32952516532 -1
19.9815581111 5.88826978669 1
9.15565376208 12.10683669 -1
19.9119026173 19.8979348058 1
1.56909342902 4.04307183586 1
17.253372395 4.82083753864 1
8.70177903538 11.9926183403 -1
5.78368037915 10.2472064545 -1
5.84735670555 14.0431074792 -1
12.8148061521 8.59687384169 -1
9.49059538021 19.7237579784 1
4.89128064761 11.6191547949 -1
8.50139754085 1.27435329546 1
16.186996952 3.90596950192 1
6.69031294014 4.93364085774 -1
14.4721077852 7.07526904752 -1
16.9970076695 12.682913749 1
0.560180149356 17.6983256374 1
19.849053152 13.8412148447 1
18.1918876364 4.30296246655 1
9.60341246574 8.59610708169 -1
1.83991113179 12.8810548172 1
3.3053800107 13.4597196889 1
12.1846216548 11.9420257406 -1
7.57320786151 18.1481674973 1
11.4994998484 10.2262634205 -1
10.2515128385 18.1369754136 1
19.5514695407 12.996082878 1
9.04689715216 12.6976280614 -1
7.70337639731 11.8318938765 -1
8.45245939151 12.0143061317 -1
9.68493204531 5.90902388257 -1
6.56649001791 15.4799831737 -1
5.21194156903 6.80853415251 -1
12.1460384862 19.7042800185 1
14.7166817077 0.47962797322 1
17.0568440613 5.02479088323 1
13.5376421591 5.9882792077 -1
19.9119671366 3.96931333525 1
3.23054922162 15.2602860232 1
11.9350622682 12.493283439 -1
11.8625881223 17.1823107338 1
6.78796679819 5.68658854376 -1
9.58310700246 6.75564140739 -1
4.51236690335 15.5083843919 1
17.8447515994 9.13685455176 1
9.17115263545 13.3004920206 -1
8.36145691277 5.28195320386 -1
13.7523556441 3.31859476236 1
19.5604306278 1.87669197924 1
13.64775551 17.7290488219 1
15.698113061 15.5349948812 1
8.6894042377 0.614656631912 1
13.1784484076 1.5203014554 1
17.8275888321 18.5589207413 1
18.8170593764 13.8752573238 1
13.0225666674 16.5904960873 1
19.5029085267 0.210503847078 1
11.6505904146 14.066372867 -1
11.6351316058 16.9473060623 1
19.6395578569 10.7982017475 1
0.155113281057 0.436591331755 1
1.86125760132 15.2819975592 1
7.32547273059 10.2266370335 -1
15.7974052641 3.10809840225 1
5.82260382736 10.34817259 -1
4.57460490774 1.77842591849 1
3.32252944902 16.2217288393 1
6.40772700173 6.95366079511 -1
11.6205967379 6.2905141811 -1
9.20819446565 8.85744547348 -1
12.2106675523 18.5333213596 1
9.14029194799 8.28921670732 -1
9.02206111332 12.4538272186 -1
3.65974626398 10.8184913016 -1
8.02651120745 2.82442974621 1
16.4118440442 19.5809133972 1
15.9032185506 9.44926940263 -1
3.0970833397 3.20956960639 1
18.2011606975 17.4631767427 1
9.47766308092 18.7404568339 1
14.7706582289 13.997577236 -1
4.79252186115 10.3714469988 -1
10.6855414638 16.9699588818 1
18.8580480795 7.96893207812 1
19.2202939953 12.5646795429 1
7.46687619492 14.3089288538 -1
1.27339917171 5.65592099266 1
12.2314363951 17.969014754 1
8.83133876324 9.69160443011 -1
13.5084001056 0.058407625403 1
4.74014213915 18.8515837205 1
3.52487850556 8.41846940323 -1
18.3269238532 2.32728321733 1
12.5066231831 18.3043174252 1
9.9278680788 8.20728610742 -1
11.7968794285 18.6317528752 1
10.1336500228 4.9950093838 -1
7.15178093182 8.2435832123 -1
5.07428364895 4.2532684927 1
12.3668405297 4.90036014253 -1
14.7031577846 18.3531459701 1
2.98552969485 12.9919641613 1
4.69644803035 12.1957636654 -1
12.236439604 7.52537930006 -1
9.58485708407 3.11013350594 -1
1.37244354651 13.9276516405 1
2.88035653359 17.3298444617 1
17.3612446907 19.9004807671 1
11.5331271625 10.7691236579 -1
5.64416424362 11.1999023905 -1
3.82378966873 1.7984262634 1
1.32041699309 8.27212605478 1
18.2451627743 18.0227689801 1
7.07019003135 7.44828339697 -1
4.03476777609 2.13789786777 1
9.80261035814 2.9596639315 1
7.43011986366 2.98255524557 1
13.5334373461 10.2029377535 -1
0.834883432042 14.768825116 1
16.8411998719 8.98380397347 -1
18.7240713434 1.02350013347 1
7.07467731201 15.5970011186 -1
17.1905602475 17.5625820272 1
4.98398048865 2.18962935892 1
5.2967234064 12.9379960342 -1
9.67730803533 9.88284902616 -1
3.34651173355 14.76892177 1
18.6596707427 2.48816627981 1
9.85416456775 5.23557339482 -1
17.0619813478 11.6220943936 1
5.96109859466 19.8528147985 1
14.0704735474 18.5527364201 1
17.7246847861 8.96890082835 1
9.79739234032 17.1157069459 1
0.212214046547 12.7695308746 1
15.1915612852 9.8639490525 -1
17.7614672654 15.6652996486 1
17.0768231534 12.6577533639 1
14.8336248606 14.503890386 -1
0.112810491635 1.05999042644 1
0.179753641367 18.9352811334 1
1.00339779423 6.96684463371 1
7.17733576459 3.45729008084 1
18.5892230196 16.7363136414 1
15.2403618079 18.365839916 1
6.78694209623 12.8844113006 -1
7.90607391263 7.66479381595 -1
13.735039498 9.55124028696 -1
6.53791660016 14.8641447412 -1
1.1730366092 10.2672675452 1
7.49229838945 16.8435650886 1
14.2357290599 19.2106167331 1
18.6148032445 14.7661052836 1
15.7087334732 0.118453875116 1
16.8384389913 13.1641406022 1
19.4283221015 5.14084022044 1
4.07836624246 17.56537922 1
0.18307573191 5.51114999414 1
12.81219567 9.35972389417 -1
1.60863573446 11.9379885645 1
2.40377501067 4.44359103905 1
3.41930994926 19.4374726225 1
14.3501106101 4.11666593775 1
18.7026820597 15.5632686692 1
1.13955989036 17.0832576702 1
18.3394665321 12.6242938867 1
5.98178771114 7.40985498344 -1
19.8763769077 13.1765784547 1
9.26590759449 5.58959738637 -1
16.0521069542 15.7638193369 1
16.206968714 0.513838433713 1
2.57165894574 10.2039043048 1
1.13800717014 11.4595001085 1
4.5375719007 2.4050048886 1
16.8524329856 16.2235936742 1
8.60937358945 5.01999207684 -1
3.70242570937 0.282444201603 1
9.50414041791 10.9645115547 -1
11.6880347133 13.9497236903 -1
12.0243963818 6.3251059621 -1
0.499623978933 16.5685429909 1
10.9438633757 9.26961331878 -1
19.3848296323 14.0994003572 1
15.2335641931 13.4160806075 -1
6.01017281239 19.3528454841 1
9.40981454594 14.6113585055 -1
6.9020463219 19.3734340891 1
5.17715500145 1.9806290861 1
8.35798583709 10.4783684144 -1
7.22040820977 11.6789221107 -1
6.0647034641 2.91640539501 1
9.81480149834 0.356518996622 1
6.38059378333 6.89819338239 -1
5.31824509928 1.90551327416 1
1.34257194646 13.0618244009 1
10.4359288859 14.8366409536 -1
16.9356645106 17.5533790052 1
17.1091916896 16.7199521348 1
0.370769710694 7.9041348497 1
9.87962269248 11.4149921023 -1
1.87086162051 7.72011663211 1
13.3005820526 6.96575457514 -1
18.9375301551 0.460197623389 1
0.733278505965 1.19934278422 1
19.7818097654 17.9029354457 1
1.18585337354 5.7342397827 1
11.1119113912 7.2055122831 -1
6.86716533169 15.0113532914 -1
17.0972636615 19.4901927976 1
12.6758594215 6.31149549535 -1
19.6185679622 0.220971407422 1
0.603906113322 1.04847064336 1
18.8376770675 1.57299792067 1
10.1763888831 3.12213397525 -1
6.10568948112 12.5126034914 -1
4.21207140158 13.9865334947 1
19.8990034879 2.63619980059 1
17.7229821103 15.1592043428 1
1.46393717763 10.9440235892 1
7.93002455504 18.269575961 1
9.00674989994 4.15544417938 -1
14.0423913762 14.0791613313 -1
2.08203384035 10.5161361397 1
15.6127120945 12.8970437764 -1
19.038280685 16.2405484135 1
0.532429238434 7.62821731574 1
7.89762856326 0.551431447115 1
0.279599652189 12.1350194672 1
0.396451325178 13.8030044945 1
18.460335051 13.8392548444 1
15.5449888823 14.990373196 1
19.2560248895 4.58240802911 1
6.70192935086 8.59373938412 -1
3.68041889295 8.64644503829 -1
0.652165517626 16.5334888646 1
9.06199198174 8.07704892111 -1
5.26283147711 6.92672725516 -1
2.62722118713 8.76964486588 1
0.417697648916 10.0966286269 1
10.0432944112 12.3710724508 -1
15.2124342092 4.12669789772 1
17.6246703701 12.84538504 1
14.1936210805 0.667184511297 1
15.9620801833 8.88940478825 -1
18.8791885938 14.6498988182 1
16.6570227746 16.0258211332 1
18.6665425834 11.7358529663 1
19.9656802178 6.71096390051 1
0.862250387362 9.35710549673 1
17.5916305296 19.8267704777 1
3.89480814597 12.0910566126 -1
8.86608784962 2.6331397679 1
8.95243619466 3.91540067165 -1
4.8199358626 0.732113717093 1
6.76327039766 15.1512045628 -1
8.13988755859 17.1560143009 1
14.7239008185 19.1893500557 1
1.09500796496 12.4128994716 1
2.21172868966 18.8481413108 1
3.74921282971 4.92339256253 1
11.9754983132 18.9612243456 1
9.26768107603 7.68505353105 -1
18.3948038644 10.4252120091 1
4.82539014956 15.7616311546 1
3.31287630684 6.17826877651 1
10.9516631561 0.742311600529 1
6.83759008078 19.6921927204 1
17.0140517686 18.3241917207 1
4.93488975745 3.07955515348 1
8.419028827 12.3686427777 -1
10.2827865768 3.48723207222 -1
9.56212974765 0.0783439973178 1
5.64365331861 10.7853269389 -1
18.4467598501 18.5245178485 1
0.97273477694 8.28441198031 1
0.294135938419 18.9597502272 1
10.4623923705 6.92393559185 -1
18.9217651886 15.6010255472 1
7.49913903447 2.14488317647 1
5.0712075371 11.3678518967 -1
18.2126125052 9.60124514476 1
0.531397845271 3.3244476769 1
12.828992719 8.04183595381 -1
5.96399340155 14.3912587612 -1
14.9242351079 5.35623077504 -1
14.180120188 17.4269517415 1
17.4760192638 18.9995312816 1
12.3785418034 18.3491702126 1
8.24309486644 2.82910710543 1
18.1776883952 3.29552357738 1
6.99828031275 8.91380783066 -1
10.0844670079 16.5196438483 -1
5.0438203234 3.51635736417 1
5.83685318762 1.44664109917 1
15.9933181621 3.64362301655 1
8.45353771128 12.5512537784 -1
13.0286179527 1.54791201911 1
8.04676630946 0.889909526901 1
10.15338383 18.6403574709 1
5.43999605595 14.8225234055 -1
3.86886805334 3.17880085598 1
4.09059335708 8.94385567068 -1
4.77163406933 11.8797811527 -1
8.94414973103 19.4317097122 1
6.40642281524 9.42799696206 -1
4.45158297874 3.64147732244 1
0.205149656832 16.6457487981 1
14.7781628988 14.2586760763 -1
18.0650076996 10.9592101897 1
6.29081654879 19.9368476334 1
11.6769030399 14.750843333 -1
2.13733435679 13.512085675 1
1.53446443113 10.0072398398 1
14.9241819304 15.597464896 1
5.44378146637 7.16570640802 -1
19.5881122588 17.0213345276 1
10.0364602465 8.08028034434 -1
18.5615375429 10.0629340613 1
4.21240073262 19.6196117962 1
16.3602783753 8.71201932967 -1
17.6226701961 16.0785072151 1
7.54859576003 3.96419110326 -1
2.18633303653 19.473149286 1
14.8237303383 11.4324048521 -1
7.50256713228 12.8748555584 -1
4.51739481201 8.57632287015 -1
4.02225376891 12.016138647 -1
10.122241871 16.1473698524 -1
12.8611207015 6.44463809098 -1
3.20000537467 9.75718854976 -1
4.5321114655 10.551698521 -1
4.4112011047 9.74537432228 -1
7.20518263108 14.4947425966 -1
4.27903020102 10.7477021191 -1
9.63376573427 13.4338247246 -1
8.80128560331 9.02868707503 -1
7.55801497361 15.7372992018 -1
16.3262090264 12.0897353085 -1
14.9959381094 6.4124249797 -1
13.0065400637 11.6225762495 -1
15.2182796299 6.72474888284 -1
9.94120770478 15.7801822297 -1
7.86319925217 3.8872989724 -1
6.08057134245 4.82271599332 -1
11.9502067519 16.1084532192 -1
7.56873878612 9.94703590056 -1
12.1123414496 7.90419972386 -1
15.9964807725 7.5789725341 -1
11.0147481063 14.0916637614 -1
7.08874072152 12.3185807594 -1
12.0078838075 3.42589373591 -1
6.11559601569 9.23188312477 -1
13.7554398225 9.17905660079 -1
8.32174272672 13.7680340084 -1
4.29903804965 8.95025625738 -1
12.055749842 13.4558117544 -1
13.5011021509 11.2089218839 -1
6.33523036418 9.78221476025 -1
8.73878481832 11.1618245698 -1
7.83828548352 4.05333513604 -1
9.00683990225 12.1090143955 -1
5.56876096383 7.74041624446 -1
4.55788294504 10.9180722748 -1
8.10253153973 11.6872273979 -1
10.8915131584 3.44678433919 -1
11.1631133779 11.9860592434 -1
7.6527747252 14.5212369142 -1
3.86883670369 10.8524471079 -1
14.5165911238 10.6292340146 -1
14.9034530376 14.0204493073 -1
16.1893687912 9.75206232216 -1
11.2301241667 4.59031017946 -1
10.6365760614 4.30347958208 -1
6.99151085469 15.8158957381 -1
6.19610114883 9.54195139272 -1
6.44009368066 11.1905607153 -1
14.0687390912 9.81101818142 -1
6.70236487753 11.7671749868 -1
14.6928735056 12.5791735566 -1
9.33948472273 3.29846328644 -1
8.90557198593 8.82514170176 -1
8.63230774997 8.96745837867 -1
4.53869821119 10.0623772563 -1
10.5783789932 10.6342095671 -1
13.5586162033 7.72138102667 -1
8.82319702065 14.0123706085 -1
13.3999371772 9.67111014692 -1
6.47046285375 4.36693946772 -1
10.3088316953 16.9468299748 -1
9.96345568925 6.55461135781 -1
6.05464159049 8.21577011657 -1
10.7894663542 14.753575829 -1
10.0672584853 7.19655806754 -1
11.5324171818 15.5688171483 -1
3.74041486971 9.74820432764 -1
11.1648961317 9.25794278888 -1
11.9924165156 9.40209465978 -1
3.62217027965 11.4229020157 -1
15.5143675942 7.51087195246 -1
9.03306410947 5.71371552121 -1
4.214947513 9.41855117748 -1
10.5892673745 12.9951339485 -1
5.6102795582 6.08259785096 -1
12.6877014022 15.6196226191 -1
13.9886156877 7.76007475728 -1
13.3717380705 9.77156775349 -1
13.7882311547 11.6393381909 -1
3.86829292864 12.604270827 -1
12.6196762945 11.2971471759 -1
11.6459244326 4.71652600807 -1
13.1963008183 10.81725162 -1
9.17876269992 15.475873898 -1
13.6733287538 8.0609069983 -1
5.37878602323 12.5269252632 -1
9.70429867119 10.1188116967 -1
11.3353139498 6.22460686544 -1
10.3966482155 14.9666983416 -1
10.1355900268 6.9958425762 -1
13.0555028849 14.9008021601 -1
15.3059853646 12.965059494 -1
16.1987683635 7.19066237521 -1
7.1172226456 6.29803678428 -1
11.3838253201 3.95621898287 -1
8.53133981192 8.04153548334 -1
12.1089604133 15.3445781978 -1
11.1060857057 10.6250958817 -1
12.0063851815 8.94483627584 -1
15.9072845902 13.73633972 -1
14.2481274394 12.7188935734 -1
15.368393763 7.17036350015 -1
5.24836983878 9.50552833431 -1
4.72212666769 9.23498210114 -1
12.9225389072 10.9012832049 -1
14.9977967688 6.22370194688 -1
8.99246998189 9.93853103812 -1
5.07648731266 11.9697189332 -1
15.3598761308 10.8772220739 -1
10.3931489464 10.2216007158 -1
4.50383115659 14.2670302739 -1
7.25790109337 13.5990973366 -1
5.95503971122 11.8063837114 -1
11.4241588444 12.9518333949 -1
15.3359249178 9.76296636696 -1
9.3867716707 6.97163663742 -1
7.74826141071 16.0777077384 -1
13.8948829181 6.65555265544 -1
16.3442087278 12.6709202864 -1
9.33497591315 12.2826175832 -1
10.6571172382 10.4735516643 -1
11.1979173834 5.87033304406 -1
6.49572357596 10.9560322709 -1
7.04262716767 12.6960335776 -1
9.20980115662 4.00626249798 -1
14.0555092963 8.97396530327 -1
4.18743910403 6.5403349379 -1
11.5416897713 3.5003598736 -1
12.8148449286 14.2600429242 -1
8.73408077291 7.92703576487 -1
9.15013907955 8.75460161923 -1
16.6506899042 10.8477564027 -1
10.2947454993 6.63620997522 -1
11.238980027 12.3848529672 -1
10.264923991 12.3063584514 -1
14.5327746344 6.79396391103 -1
8.91091356123 11.918762093 -1
14.7079477382 13.3468921886 -1
11.1730521955 7.90885613914 -1
6.10050738795 15.0330968689 -1
5.31465033237 10.3770800347 -1
6.13574648925 7.56805010931 -1
10.6328022435 15.5465419953 -1
5.65190783226 13.8937640052 -1
11.3858481085 11.817301621 -1
3.39204292626 11.2634422444 -1
10.227898541 3.23626421786 -1
11.5904170321 11.2549114701 -1
15.1277753192 13.0272421339 -1
11.7192597554 7.50855147488 -1
8.72793151756 5.66664436987 -1
7.5004034906 12.0306615473 -1
13.213650513 5.84811771436 -1
11.1704940013 4.97971730205 -1
16.4282878222 10.2186458068 -1
6.13264464728 7.26956986046 -1
9.0578888611 8.62040887803 -1
10.9849127651 10.599671059 -1
10.327045345 5.63186112699 -1
8.35089244723 10.0880081683 -1
5.94565572005 5.12355826608 -1
13.0194091147 4.28528195362 -1
6.2307863156 10.658997603 -1
13.9344492879 5.89271370063 -1
12.0834998741 8.95543436695 -1
11.4680094239 14.1568548711 -1
7.42402928616 14.0404012142 -1
9.76806436353 16.949782756 -1
8.02925656848 8.32943839414 -1
14.2101343291 4.85253169354 -1
11.621108014 11.8569179807 -1
10.6959449703 3.03897740205 -1
5.94325907512 4.64643939389 -1
6.76268044131 7.68019162033 -1
9.87941747976 4.04147530245 -1
6.8106909227 5.55027181123 -1
13.7467614592 4.64543547915 -1
10.3715079522 7.97975645802 -1
15.3185173085 12.1043415714 -1
6.56120312592 12.4274708629 -1
6.61079091635 15.2493942498 -1
6.17590128452 4.28105698372 -1
13.3576890354 11.6016806344 -1
15.2844646488 14.1202269448 -1
5.90009911024 15.2557793402 -1
13.524673435 8.4338481317 -1
3.99878661165 7.52663654907 -1
10.6838792935 10.0027643315 -1
10.2986667958 6.22873496579 -1
7.41006781673 4.75356002064 -1
16.2832748691 9.89642257487 -1
12.594093893 11.3692598502 -1
6.53434071075 4.90282379008 -1
9.99294554926 12.3955936474 -1
6.48662700542 10.6764780819 -1
14.1462692458 14.9095122561 -1
12.8643790846 5.98380695638 -1
11.4144009585 13.5841871568 -1
12.9281908291 5.8279886968 -1
8.10092868848 4.35009776275 -1
11.6448052795 9.96036306859 -1
5.16547070171 11.2218677778 -1
16.5467365011 11.0499040897 -1
3.35181198054 8.04080532071 -1
16.3954704606 8.01906624661 -1
10.1689698792 15.7129716863 -1
16.6098467474 10.9127979289 -1
10.5790699294 15.9781322823 -1
13.3477783827 11.7262497006 -1
16.3197119065 11.9196116848 -1
9.35531040021 8.6093466406 -1
12.4961603443 12.7239852258 -1
9.41918407646 8.58699896902 -1
7.05019904789 8.22307489036 -1
5.3731895266 13.202373071 -1
5.30523540269 5.33603040976 -1
4.04695835942 12.2512421257 -1
9.41410626057 12.2601837059 -1
11.4768036366 8.30521735897 -1
12.7219822427 7.50438602784 -1
10.7588102141 5.00913980004 -1
9.29041595144 12.3504244446 -1
8.32285305338 13.7917779269 -1
3.0610141547 10.5712804372 -1
6.46125008555 5.09518171741 -1
4.67540777599 11.0301649278 -1
12.0191772139 10.8889433599 -1
7.85492457597 10.4039052992 -1
6.95516440928 14.2490536876 -1
8.06611456129 12.7223469976 -1
12.7530237683 3.90541343555 -1
9.60592779399 3.53977685959 -1
11.4419070149 4.98566446529 -1
12.5387974111 5.88861423059 -1
7.61213563347 13.4846241927 -1
11.7487194333 4.5930233386 -1
7.87715046164 7.50971794535 -1
4.76126297254 10.8161725744 -1
7.45500081419 10.4397311917 -1
13.9215584001 6.63564796033 -1
7.84719688455 16.2008195114 -1
10.2472059628 11.0437529797 -1
11.1785499825 6.96004763908 -1
5.30659960559 7.81371526145 -1
4.78221460058 5.72018224234 -1
4.14668656964 11.4866318875 -1
5.92007489624 13.3643499011 -1
14.5937788741 14.5960190321 -1
9.18182108398 7.83740097205 -1
10.3107855379 12.4667066056 -1
10.3147567542 9.19200391282 -1
3.55190211545 8.76770465867 -1
5.82000113823 6.60747899413 -1
6.60134709123 13.6121224267 -1
9.32472414904 7.0169018489 -1
7.03358197414 10.1706872059 -1
14.5061863738 14.5207297978 -1
6.31497962817 5.71328264199 -1
15.2914632138 10.8616561468 -1
5.05680937674 8.63290124028 -1
5.9097018439 12.2914376786 -1
14.1454590295 9.90905416856 -1
8.94523173648 4.56957639419 -1
16.4521973939 12.1700069208 -1
13.5637990699 7.96466185193 -1
5.07545304783 12.1519645057 -1
14.484507032 10.0805813772 -1
13.8233500946 7.90351999612 -1
7.049327702 13.6654432423 -1
12.2079392872 6.10958068907 -1
5.55511288083 14.329470166 -1
8.20867576574 9.28807456479 -1
6.56392246847 8.72380704438 -1
8.40534767699 6.69101186643 -1
14.6972504469 11.4029062256 -1
11.3242800647 14.0009592545 -1
7.94531424734 14.3646575942 -1
6.81245080239 9.46748094858 -1
4.31130932936 11.5468943147 -1
16.0899395189 8.4012555317 -1
9.62735795711 15.5230534372 -1
12.0384455492 8.05094740094 -1
7.02130615608 5.24754403022 -1
14.6033889506 7.75529127208 -1
8.36845806036 11.7277966564 -1
4.93738384883 6.85419889088 -1
7.06323132049 11.1942975632 -1
14.0701496231 12.4383339583 -1
3.91521475608 10.6547433329 -1
14.6177563369 5.48120970847 -1
7.4975199731 9.47890961873 -1
6.62703419661 7.23132784281 -1
12.4691556634 4.63179075769 -1
15.9906203899 9.23605211238 -1
10.2305950498 8.45820573846 -1
9.55674608616 8.43188535464 -1
13.0047898239 14.7468113566 -1
11.7332929531 8.795135054 -1
12.6116472748 5.92706196549 -1
7.46704187904 14.4637168691 -1
15.8463423765 10.3245811017 -1
15.5962412818 9.73662568419 -1
7.76334771259 14.5463146866 -1
10.422913355 10.4650985043 -1
14.6185142937 14.735605156 -1
7.7562942736 7.70883939879 -1
4.21965850569 8.18042839254 -1
11.5991458377 12.0135706822 -1
14.2085254612 7.54173272623 -1
12.9094788178 6.99777942799 -1
15.7636858775 12.8494025931 -1
13.2192529156 7.15149296775 -1
5.36145221179 9.55678445994 -1
16.3794064604 10.7319671864 -1
10.577908199 4.30798705394 -1
12.0836665738 14.6384978433 -1
9.2348123649 5.04661369418 -1
12.0886972081 5.73322359823 -1
9.79018275376 16.9194191587 -1
9.73010094768 8.40355750559 -1
4.56736584524 10.8111539853 -1
5.8780367046 14.2757986478 -1
11.2218200242 3.38682725397 -1
16.0479268049 11.0608179807 -1
12.2479504403 13.1173178877 -1
10.6181682671 8.68342377296 -1
6.96536151315 10.4548121659 -1
10.0325969496 5.7584885497 -1
12.7233286295 6.2999885426 -1
6.93854431952 8.8738924345 -1
13.7489482172 14.9865402139 -1
6.35281058472 15.0170778964 -1
15.5540198652 11.7984703165 -1
9.26044895234 11.7820494515 -1
10.0975278789 14.596344372 -1
6.51916138093 13.1435448265 -1
4.06925722542 13.0898057397 -1
13.1044177387 8.2738866736 -1
10.0574969758 5.99998691477 -1
13.8170510421 14.2418828211 -1
15.3551301417 12.4474543737 -1
8.89661710768 16.5044985923 -1
10.2500607856 4.71589395797 -1
14.0281245729 11.1197359963 -1
7.4133024833 8.06625255615 -1
7.959476634 5.0593022234 -1
12.2298397659 5.02921866006 -1
11.3216004362 15.2316332853 -1
7.52005734029 5.11301740368 -1
11.1336062321 14.0559515822 -1
11.6717432711 3.20586811704 -1
4.39842099924 8.79745260732 -1
10.7262766621 4.98353905174 -1
8.50227800198 9.21082751145 -1
5.87415192081 13.6008330048 -1
16.166582319 9.99094878678 -1
9.33389280635 13.8458668552 -1
9.28602270527 8.5165202589 -1
6.07099253276 5.12060929589 -1
9.37817587043 4.47090162078 -1
