15.5619516767 10.0049690661 -1
2.25214948483 18.2868744133 1
18.8191734193 10.921914268 1
19.0210466739 15.054074463 1
6.24561841961 18.2142292445 1
17.1059596859 7.16645272131 1
14.1548308488 10.6426489584 -1
15.6300403525 11.2365296184 -1
17.5843540849 9.4935287558 1
10.6617578309 16.057048516 -1
3.41477650384 16.4315990217 1
0.368894101429 5.4691364633 1
14.3397397801 5.45679324185 -1
15.839787798 16.1039899923 1
1.75612551731 18.9662964033 1
2.44093716319 19.9046589733 1
6.48253978067 4.16227395332 -1
0.164072447906 14.6769843927 1
16.7863950802 15.3577911494 1
15.6109743134 7.91247087807 -1
18.9822151907 8.04724763325 1
7.20263587365 12.2101296757 -1
0.615367836583 6.09653180827 1
2.48111379085 10.0709248117 1
13.9592549184 12.3439546756 -1
0.779517489837 3.79443012248 1
3.32408764644 2.20855623049 1
9.48954642286 19.7398114645 1
15.7657719844 10.722287633 -1
16.1533675672 19.7432691429 1
13.4740622442 0.362426249468 1
7.1874554123 19.300806775 1
13.5094236939 19.6773574182 1
7.20323141683 1.97560597975 1
15.3943024983 8.84819010797 -1
3.84771385519 0.763624199313 1
1.18882239491 15.4672845916 1
9.9685241396 19.2160987788 1
3.71429711148 5.77023267933 1
9.151992665 7.05525831727 -1
7.49882766737 9.39510766755 -1
6.46658682723 17.3986161802 1
6.42566849958 12.4917143913 -1
7.33154870691 1.26178543746 1
15.3114960213 7.18538123913 -1
17.5686403321 15.0924766766 1
12.5898770182 0.124376695819 1
12.2775959668 13.6677475593 -1
10.23309889 0.347540473189 1
9.76168092562 11.9168725914 -1
8.54440697191 2.02643896232 1
17.4479028866 12.9111951287 1
19.1142531695 13.0853779648 1
8.05709790678 7.17389925335 -1
8.80879599063 7.13109774628 -1
17.3032426527 1.11883885176 1
17.7007877709 12.6847311799 1
15.2676951953 0.703529136103 1
1.47616904281 9.52842399785 1
18.1513878016 14.775543016 1
10.9207077819 15.482576075 -1
4.97715360936 7.67991664731 -1
14.5421462555 11.5466160293 -1
0.987172135387 12.9518816611 1
17.4286642185 18.4179315718 1
11.2160221225 8.91365238897 -1
16.4334439631 8.93656379671 -1
15.9360296096 6.72257473856 -1
2.13370513362 8.19382336332 1
19.3329974265 11.253544691 1
5.05944093247 10.8843222 -1
12.3834892667 10.1782405446 -1
10.3681204642 1.93347013685 1
19.1997903111 18.8425689701 1
11.0384128818 9.66618033032 -1
17.4930685709 17.5296948431 1
3.80489849624 5.44301711879 1
19.0336075934 16.2509734741 1
8.57480828924 4.44954204955 -1
13.9890720588 15.762531265 1
7.60087903381 4.10334024837 -1
5.49753273868 14.7741504124 -1
15.1167386753 9.00563118566 -1
3.81620083125 14.5009624829 1
4.44449088607 15.9404637632 1
11.5390480289 6.91422070323 -1
0.044897380639 2.30365730577 1
0.803734983821 15.2354956329 1
0.10081139835 0.519905012794 1
6.88071701347 10.3015627906 -1
14.8943757664 1.79703743941 1
16.6214347044 5.47590187904 1
5.87642856961 16.4443868298 1
18.1108144911 7.53534583546 1
2.57581068637 15.350135744 1
16.7182984268 9.42743844942 -1
5.25277826919 1.89233581737 1
16.9305451941 13.5219062446 1
3.50285347908 14.4173963094 1
19.7152159131 19.1025518533 1
0.25956953612 5.63693616914 1
13.1046945486 0.414828919597 1
3.75154873438 11.2927929909 -1
5.21549231743 8.79788524667 -1
1.93037263129 15.9243209463 1
14.1346808211 14.1263917672 -1
15.962942234 3.53180958246 1
6.07414291871 11.3953459491 -1
9.43605102334 4.13935776281 -1
13.9630377982 2.94031249178 1
15.1363912829 11.6072619409 -1
5.68411992297 11.9153836057 -1
3.07480656139 6.9020460131 1
3.74985379125 3.93255304054 1
13.4432997459 12.3549283042 -1
5.61416238389 17.3694913023 1
8.34469377798 11.8234787504 -1
9.20650997502 3.61835786448 -1
14.0932628406 8.21224159552 -1
19.183906848 9.97574794063 1
5.5727620624 17.0984674159 1
10.5131987419 18.2587675315 1
5.01258385298 19.5776972213 1
14.1323698257 2.79262936525 1
5.31259183768 7.16092933891 -1
9.2975079345 11.9201877937 -1
11.658959906 10.1575847608 -1
3.39677379854 2.07225303712 1
0.138227433836 15.5068091293 1
18.1380416988 10.8985778172 1
9.35998390636 2.75937428553 1
1.97012464762 14.4303617676 1
18.1774632085 5.80655723353 1
8.18184202654 18.1178033906 1
5.32436883296 16.3018705814 1
17.0612579467 6.65030273174 1
16.1171439239 7.8832033218 -1
18.0802820165 6.24577887237 1
19.5695773968 8.1502707626 1
15.2063671446 8.34828213001 -1
7.93037088555 19.8470191674 1
8.49705411905 0.0336342870241 1
4.29752665447 8.09340395849 -1
5.74297464875 6.26036856169 -1
11.2442505764 3.89321871227 -1
9.01228970357 19.1881695506 1
14.782060624 6.519034893 -1
15.1665666932 7.50690489514 -1
10.1676694427 19.7383530047 1
2.61628905049 5.15926222272 1
7.31354768448 14.5652720368 -1
5.17424727545 5.03270621719 -1
12.5831155181 8.34890138712 -1
13.6632286063 2.79537363419 1
18.4440385354 12.5820629312 1
9.36464834229 11.5389572731 -1
7.37673846789 11.6389790419 -1
16.9765044394 2.55826619474 1
10.5036681388 18.0796510446 1
16.180524443 17.9646068149 1
0.554252419608 11.9329399192 1
14.7996646857 2.97581338904 1
6.7928672496 10.8096256264 -1
5.77293483761 17.5193411059 1
15.2498445863 6.96399592801 -1
1.37667023832 10.6317732461 1
19.8667189419 10.2633755926 1
16.6686983546 19.5841721494 1
0.977753563165 16.8722797811 1
8.14544920152 18.9954510368 1
16.9886748522 18.6837406213 1
3.0588927436 8.63766008542 1
7.0026122274 10.7793955212 -1
16.7772333048 19.5690672686 1
15.5709397587 5.92473380116 -1
16.6830699425 7.5061553533 1
9.6816439788 14.1885910649 -1
17.0273435092 17.939912225 1
18.6743585708 19.4104884925 1
3.92463240523 13.611536429 1
7.53799787302 16.5201297966 -1
1.44201311119 8.66562575444 1
2.91327966364 6.95518284187 1
4.14280769388 14.0135533808 1
4.25820256429 4.06922500156 1
19.7015177173 0.691179782498 1
2.93471944354 5.37938372554 1
17.0305815044 3.561858308 1
13.017579368 10.4455103846 -1
19.5443104798 10.7722772005 1
12.322465226 15.5313542463 -1
10.3163642125 2.13504555694 1
3.61265199103 19.0039033226 1
4.09754175428 4.21898338281 1
0.610976381852 19.3319960142 1
14.5505315781 3.83248539923 1
9.7192277884 13.1362469479 -1
4.34917947632 4.61811977736 1
17.2946594731 3.39188988937 1
17.6445550989 16.4374705221 1
8.12434362078 2.26761841206 1
5.35470145786 16.4101042329 1
14.8966076496 19.9992988488 1
19.4346373121 5.39603876863 1
9.56431173182 8.06836186319 -1
6.7148373437 19.0404445345 1
6.38454659227 5.41858061765 -1
9.77395343191 12.7473571697 -1
5.52990449116 1.35324191757 1
4.01244036296 14.2948530615 1
0.635089502046 15.4822242035 1
13.3628216702 3.67252742679 1
19.625368295 11.3830283032 1
12.294841324 12.8959033033 -1
7.43116436817 10.4351825612 -1
14.2883003144 11.0549474366 -1
19.5822915918 18.1755468561 1
16.7996132086 12.6260580125 1
3.90866763967 15.0125071579 1
12.3178266151 19.6975128006 1
13.450622964 4.92613074583 -1
7.91480374836 12.685618295 -1
7.07509893754 3.61796718336 1
3.89821699502 6.20649413487 1
11.9601417707 0.800130995769 1
5.3886644348 3.94959421839 1
19.1120055888 17.4709293109 1
18.3677113799 11.4891128455 1
18.7106251952 17.9218984492 1
5.7000060497 4.19478773087 1
5.03540736795 10.1787117076 -1
0.202220371585 0.571163957188 1
7.25736125013 0.791136946696 1
4.84276146189 4.65898959249 1
11.7163098532 0.0676712397454 1
18.8520117934 18.3552201178 1
13.7369016436 18.1909217862 1
10.7391351826 9.55261348963 -1
3.32506366899 9.80822721265 -1
0.132201878329 13.3721078079 1
15.4886389083 1.9641026834 1
7.21190650544 11.9635542365 -1
4.94880597742 19.93813203 1
1.07554428355 14.7469494458 1
6.35340796768 2.96015877435 1
19.3491876028 13.290413137 1
0.824565670178 13.1105415953 1
1.33380303184 8.89470028628 1
9.92705711014 8.52210051821 -1
1.57647601922 9.29245818792 1
6.33346134722 4.20962802751 -1
6.92769627227 10.2914745981 -1
1.18334783616 15.7842748674 1
19.4020120764 1.13912792368 1
3.52405546395 18.6546380759 1
7.21351347357 18.9093305941 1
13.4684846667 9.75874240608 -1
0.397641548814 11.6132934373 1
6.47594225177 14.2250580981 -1
6.78710445879 13.774890764 -1
17.0350926216 19.5385030931 1
19.7367731285 2.28188506023 1
8.43338617779 5.23849010313 -1
0.524069729567 16.6249254751 1
1.51366252282 8.44174308404 1
13.1741569359 0.181213746358 1
2.62625891921 18.8200255653 1
2.91195529336 7.33423695087 1
15.218692249 3.23433914383 1
10.5655197155 16.421804804 -1
16.4391132404 18.0759455449 1
17.8995377962 17.2594403729 1
0.294445112597 19.3875136718 1
1.16896070942 13.7679832335 1
1.86745717847 10.1276860856 1
8.0887217411 7.80851897763 -1
17.5766722539 3.3280387037 1
13.780022497 11.4248650058 -1
19.1888680789 11.7727447706 1
6.62157965145 5.96367142928 -1
13.5905084384 10.31642705 -1
4.08051274409 13.7098261164 -1
12.2108030245 1.44803339398 1
7.63915476557 8.38229971427 -1
19.1902255127 16.4519602999 1
9.58517057834 18.7532880164 1
17.4826421836 13.7195957475 1
6.13130423059 8.51599951231 -1
9.8085953084 6.68218625045 -1
6.56314978535 2.11330226569 1
6.12544454349 12.8953933832 -1
13.6379231491 2.57494746948 1
2.37922751852 11.3241329264 1
7.74727567451 5.3983540216 -1
13.9346001898 4.3407483707 -1
16.8099482222 1.19990732154 1
12.9052677478 11.9699199489 -1
18.7619402315 7.80327370307 1
10.1459486973 8.49541502479 -1
14.5981123366 10.303349499 -1
9.1180444503 0.106560971466 1
14.46658451 12.9474002468 -1
9.25818837209 15.4166772117 -1
6.062962808 10.8877274373 -1
17.9650876289 12.4236476436 1
0.299042527897 16.0023938642 1
2.51383289609 10.9005420114 1
9.95172121504 3.23206263536 -1
0.236663705729 8.59537357198 1
4.64062196709 9.38789689937 -1
16.6903106222 16.9291818966 1
7.72366456715 10.4903321317 -1
8.22505003575 5.42874605434 -1
15.4765384755 0.0433198201771 1
15.4757859235 2.87834389557 1
17.989187702 17.5857859758 1
13.9210150999 8.06495344682 -1
11.4510648272 2.35325513483 1
3.07681606299 0.82369813012 1
7.79159012183 14.6271800474 -1
10.1301498219 4.76282708533 -1
1.43746377314 12.7439110213 1
16.9559409577 13.1453356788 1
7.43467431414 4.16079502637 -1
4.11428528454 14.7796289405 1
0.705680472193 15.082467787 1
17.3896255317 18.511424478 1
1.34765873697 2.5528888151 1
14.9208501947 6.24584954792 -1
13.501806818 16.2155145757 1
13.9319561374 7.52284403185 -1
4.33939955165 9.2839104217 -1
19.3333185375 7.43218646152 1
1.72696856575 16.1254284032 1
14.3040070078 19.3556253649 1
0.355860084891 10.6064253028 1
17.2080308177 4.6641424502 1
11.0395041615 2.74066603599 1
0.876222291283 12.7181806076 1
9.37319708964 12.5519269707 -1
15.5927566452 11.2902980517 -1
16.7838172033 13.0446816937 1
12.1477007357 6.69401274122 -1
10.4033599976 6.10015421691 -1
12.258815017 5.6379227999 -1
19.7550490272 1.10580279756 1
13.5611466539 0.474335828455 1
14.9460325181 18.7672358848 1
9.35421457476 18.6349187385 1
10.3181450344 1.84439506987 1
3.74702495926 5.19059217346 1
9.60288505387 3.48772199483 -1
19.8212570082 9.18743076189 1
8.26560204616 1.97790811172 1
19.3227382645 9.32606203534 1
6.86262742652 5.8760258373 -1
19.3373400505 12.8747693474 1
17.6808201007 0.679243790107 1
3.31923771062 2.65870740777 1
10.4560330996 3.72499192356 -1
6.81381333973 6.15741100507 -1
16.0860740291 17.4415899086 1
11.1779827687 0.709860558262 1
3.94799047026 7.45921415779 -1
16.9264754861 14.6345066517 1
18.8331098923 5.27679267502 1
14.7570738873 16.8275474993 1
12.4100524065 3.18694462387 1
17.7579682044 13.1057963648 1
7.8139232271 18.0059886364 1
4.72215132143 5.96379186388 -1
14.3411130554 16.4596146781 1
15.0365918629 4.42875602417 1
0.768669757047 9.22312538636 1
5.20793861682 18.3404098146 1
13.7983819673 1.44821366919 1
17.8291059621 19.1873344293 1
0.0545422972148 17.2087898072 1
5.05024904077 19.9163294242 1
12.6225459826 11.6600689988 -1
15.9500334269 10.7649235715 -1
5.76284287959 6.28873978726 -1
10.581736599 16.7813512902 -1
7.30655479991 13.7256814403 -1
15.0979934594 6.45833552087 -1
14.7320317225 8.01456627024 -1
5.29784072022 6.08821349342 -1
5.09294457009 14.1556275309 -1
6.23424566911 10.3172951196 -1
7.36325337865 7.91329151118 -1
9.60391441824 4.41319585881 -1
11.096241875 8.38663484069 -1
14.6552910923 10.8660421613 -1
10.8146907796 8.7261662257 -1
6.77152397503 4.56455607806 -1
11.2596571129 9.47911909329 -1
4.32679318828 13.6524251488 -1
7.43330079078 7.22166668416 -1
16.0863226278 11.5309792877 -1
5.92528578346 7.80031217209 -1
9.32265282248 10.899792192 -1
9.05358802673 4.07352307574 -1
5.10553199952 14.6107065539 -1
16.2732247654 9.2960482065 -1
9.05876470458 16.207202736 -1
8.79978307805 13.9742142162 -1
12.1651964978 9.76932836259 -1
3.81467784842 10.3663777603 -1
15.2196954637 12.8545976484 -1
16.0543123403 12.2505345237 -1
8.22207846867 7.48723920298 -1
8.76711592929 12.3913629346 -1
7.38907828732 8.82844876295 -1
4.33392587302 12.1517137743 -1
9.92776329821 10.5366295752 -1
14.525066473 12.9968887916 -1
7.83803786938 6.43385527164 -1
13.6386253697 5.1057745802 -1
14.5697822094 8.22795285401 -1
12.9222378788 8.15081151716 -1
11.9423582384 16.1282892707 -1
7.43503709426 5.37824911283 -1
4.9175249372 11.8236644358 -1
8.45633268667 3.32899693076 -1
8.6726717614 14.8362291248 -1
8.11126181392 14.7976128289 -1
4.47805980801 10.2063007064 -1
8.30538001273 7.53249288932 -1
10.1162897323 5.28440517407 -1
7.30033383431 9.41219254588 -1
11.328757317 16.083221467 -1
4.28541471233 6.66913895791 -1
11.217820819 12.3422915757 -1
13.2034130321 5.82023286963 -1
5.0854717526 5.1114944613 -1
15.2652101853 9.77072639372 -1
11.0119878073 15.304630238 -1
11.8991523921 4.72602166955 -1
10.6779268449 6.58874011234 -1
16.1325932481 12.1038683101 -1
6.1005129388 7.61301962331 -1
12.2129757209 8.32903318651 -1
12.357159903 11.3552314988 -1
11.3836712085 14.1576065711 -1
5.05100343285 8.85769556308 -1
10.0309484145 12.5597580286 -1
13.0820286311 11.7860183948 -1
12.2541157289 16.5996697174 -1
11.8099163781 15.2104110753 -1
5.32986031586 13.775575776 -1
5.03185072202 11.3651688744 -1
4.82321041053 8.38639593795 -1
13.3822425272 7.26394097808 -1
15.6645164092 6.30600011679 -1
4.411531458 13.6787850708 -1
14.8730305509 10.0042533997 -1
10.1276038964 14.3650880461 -1
5.78731955179 6.31846000442 -1
10.6175353087 15.0576409267 -1
9.2414951633 7.00652852517 -1
9.42752327738 12.5696374463 -1
10.3958502185 7.69646451676 -1
6.68790981191 9.20511302646 -1
15.1587663217 11.5127528766 -1
7.25534522481 7.00675828645 -1
13.0839701646 13.9834506318 -1
8.89330885222 6.02227367076 -1
12.677762959 7.85782213852 -1
10.7492449357 12.5389076839 -1
7.56160673668 3.99281705164 -1
7.77579140557 9.09057245757 -1
13.1508825645 7.14261712083 -1
12.1121703639 3.50632431989 -1
8.15615857099 16.7242603275 -1
15.1246101172 10.4823958 -1
15.3058675302 11.9968997403 -1
9.46937960273 3.47720620622 -1
10.1772827026 4.97107614659 -1
9.18962809771 13.9161628865 -1
9.03398874583 14.3104009513 -1
11.7190115706 10.530051499 -1
9.30122720572 6.1571925624 -1
10.1372672367 16.1225367164 -1
12.286390215 12.7763779137 -1
8.68619234822 8.6307434152 -1
8.68827184805 14.3814320772 -1
9.86005847159 3.93580402936 -1
5.68374548076 10.3148222522 -1
8.90577037808 6.19811663757 -1
5.86198612595 7.69705054492 -1
3.50122468955 8.42450338612 -1
6.84916189085 5.46909993121 -1
10.1306448678 6.1295289629 -1
6.61871598896 5.88328270377 -1
16.918009367 10.6599893112 -1
7.70532083344 16.4740659708 -1
15.8435093529 11.5340249292 -1
11.9945209388 7.32331911371 -1
7.63838657126 12.5843300462 -1
13.8575473827 10.2173220806 -1